$ 1 0.000005 10.20027730826997 50 5 50 5e-11
155 720 -112 752 -112 0 0
155 720 0 752 0 0 0
155 720 -432 752 -432 0 0
155 720 -320 752 -320 0 0
155 720 -544 752 -544 0 0
155 720 -656 752 -656 0 0
x 710 -704 827 -701 4 24 OP_CODE
x 720 -154 828 -151 4 24 OP_DATA
207 720 -624 656 -624 4 CLK
207 720 -512 656 -512 4 CLK
207 720 -288 656 -288 4 CLK
207 720 -400 656 -400 4 CLK
207 720 -656 656 -656 4 A0
207 720 -544 656 -544 4 A1
207 720 -432 656 -432 4 A2
207 720 -320 656 -320 4 A3
207 720 0 656 0 4 B1
207 720 -112 656 -112 4 B0
207 720 32 656 32 4 CLK
207 720 -80 656 -80 4 CLK
207 816 -656 880 -656 4 C0
207 816 -544 880 -544 4 C1
207 816 -320 880 -320 4 C3
207 816 -432 880 -432 4 C2
207 816 -112 880 -112 4 D0
207 816 0 880 0 4 D1
x 732 -1135 810 -1132 4 24 decode
b 543 -781 1001 182 0
. decode 0 2 7 13 A0 21 0 2 A1 17 1 2 A2 9 2 2 A3 13 3 2 B0 1 4 2 B1 5 5 2 C0 22 0 3 C1 18 1 3 C2 10 2 3 C3 14 3 3 CLK 24 0 1 D0 2 4 3 D1 6 5 3 DFlipFlopElm\s1\s2\s3\s24\rDFlipFlopElm\s5\s6\s7\s24\rDFlipFlopElm\s9\s10\s11\s24\rDFlipFlopElm\s13\s14\s15\s24\rDFlipFlopElm\s17\s18\s19\s24\rDFlipFlopElm\s21\s22\s23\s24 0\\s0\s0\\s0\s0\\s0\s0\\s0\s0\\s0\s0\\s0
410 720 -1072 736 -1008 1 decode 0\s0 0\s0 0\s0 0\s0 0\s0 0\s0
