$ 1 0.000005 10.20027730826997 50 5 50 5e-11
195 736 528 784 544 0
196 736 240 784 272 0
196 736 384 784 416 0
w 832 560 864 560 0
w 864 560 864 496 0
w 864 496 736 496 0
w 736 496 736 448 0
w 832 384 832 352 0
w 832 352 736 352 0
w 736 352 736 304 0
207 736 560 672 560 4 B0
207 736 528 672 528 4 A0
207 736 384 672 384 4 A1
207 736 416 672 416 4 B1
207 736 272 672 272 4 B2
207 736 240 672 240 4 A2
207 832 240 896 240 4 C
207 832 304 896 304 4 S2
207 832 448 896 448 4 S1
207 832 528 896 528 4 S0
x 750 -81 814 -78 4 24 ADD3
b 597 172 994 618 0
. ADD3 0 2 6 10 A0 3 0 2 A1 11 1 2 A2 7 2 2 B0 4 3 2 B1 12 4 2 B2 8 5 2 C 6 5 3 S0 1 0 3 S1 10 1 3 S2 5 2 3 HalfAdderElm\s1\s2\s3\s4\rFullAdderElm\s5\s6\s7\s8\s9\rFullAdderElm\s10\s9\s11\s12\s2 0\s0\s0
410 736 -32 752 -16 1 ADD3 0 0 0
