$ 1 0.000005 10.20027730826997 50 5 50 5e-11
196 736 96 784 128 0
195 736 528 784 544 0
196 736 240 784 272 0
196 736 384 784 416 0
w 832 560 864 560 0
w 864 560 864 496 0
w 864 496 736 496 0
w 736 496 736 448 0
w 832 384 832 352 0
w 832 352 736 352 0
w 736 352 736 304 0
w 832 240 832 208 0
w 832 208 736 208 0
w 736 208 736 160 0
207 736 560 672 560 4 B0
207 736 528 672 528 4 A0
207 736 384 672 384 4 A1
207 736 416 672 416 4 B1
207 736 272 672 272 4 B2
207 736 240 672 240 4 A2
207 736 128 672 128 4 B3
207 736 96 672 96 4 A3
207 832 96 896 96 4 C
207 832 160 896 160 4 S3
207 832 304 896 304 4 S2
207 832 448 896 448 4 S1
207 832 528 896 528 4 S0
. ADD4 0 2 8 13 A0 8 0 2 A1 15 1 2 A2 11 2 2 A3 3 3 2 B0 9 4 2 B1 16 5 2 B2 12 6 2 B3 4 7 2 C 2 7 3 S0 6 0 3 S1 14 1 3 S2 10 2 3 S3 1 3 3 FullAdderElm\s1\s2\s3\s4\s5\rHalfAdderElm\s6\s7\s8\s9\rFullAdderElm\s10\s5\s11\s12\s13\rFullAdderElm\s14\s13\s15\s16\s7 0\s0\s0\s0
410 736 -240 736 -192 1 ADD4 0 0 0 0
x 749 -290 813 -287 4 24 ADD4
b 592 48 989 638 0
