$ 1 0.000005 10.20027730826997 50 5 50 5e-11
152 2624 -1664 2880 -1664 0 11 0 5
150 1664 -2080 1792 -2080 0 2 0 5
150 1664 -2016 1792 -2016 0 2 0 5
150 1664 -1888 1792 -1888 0 2 0 5
150 1664 -1952 1792 -1952 0 2 0 5
150 1664 -1696 1792 -1696 0 2 0 5
150 1664 -1632 1792 -1632 0 2 0 5
150 1664 -1760 1792 -1760 0 2 0 5
150 1664 -1824 1792 -1824 0 2 0 5
150 1664 -1504 1792 -1504 0 2 0 5
150 1664 -1568 1792 -1568 0 2 0 5
207 1664 -2064 1600 -2064 4 ADD
207 1664 -2000 1600 -2000 4 SUB
207 1664 -1872 1600 -1872 4 OR
207 1664 -1936 1600 -1936 4 AND
207 1664 -1808 1600 -1808 4 SL
207 1664 -1744 1600 -1744 4 SR
207 1664 -1488 1600 -1488 4 LD
207 1664 -1552 1600 -1552 4 LDH
207 1664 -1680 1600 -1680 4 SRA
207 1664 -1616 1600 -1616 4 LDL
207 2624 -1744 2544 -1744 5 R0_add
207 2624 -1728 2544 -1728 5 R0_sub
207 2624 -1696 2544 -1696 5 R0_or
207 2624 -1712 2544 -1712 5 R0_and
207 2624 -1632 2544 -1632 5 R0_ldl
207 2624 -1616 2544 -1616 5 R0_ldh
207 2624 -1648 2544 -1648 5 R0_sra
207 2624 -1664 2544 -1664 5 R0_sr
207 2624 -1680 2544 -1680 5 R0_sl
207 2624 -1600 2544 -1600 5 R0_ld
207 2880 -1664 2960 -1664 4 R0
207 2624 -1408 2544 -1408 5 R1_ld
207 2624 -1488 2544 -1488 5 R1_sl
207 2624 -1472 2544 -1472 5 R1_sr
207 2624 -1456 2544 -1456 5 R1_sra
207 2624 -1424 2544 -1424 5 R1_ldh
207 2624 -1440 2544 -1440 5 R1_ldl
207 2624 -1520 2544 -1520 5 R1_and
207 2624 -1504 2544 -1504 5 R1_or
207 2624 -1536 2544 -1536 5 R1_sub
207 2624 -1552 2544 -1552 5 R1_add
152 2624 -1472 2880 -1472 0 11 0 5
152 2624 -1088 2880 -1088 0 11 0 5
207 2624 -1168 2544 -1168 5 R3_add
207 2624 -1152 2544 -1152 5 R3_sub
207 2624 -1120 2544 -1120 5 R3_or
207 2624 -1136 2544 -1136 5 R3_and
207 2624 -1056 2544 -1056 5 R3_ldl
207 2624 -1040 2544 -1040 5 R3_ldh
207 2624 -1072 2544 -1072 5 R3_sra
207 2624 -1088 2544 -1088 5 R3_sr
207 2624 -1104 2544 -1104 5 R3_sl
207 2624 -1024 2544 -1024 5 R3_ld
207 2880 -1280 2960 -1280 4 R2
207 2624 -1216 2544 -1216 5 R2_ld
207 2624 -1296 2544 -1296 5 R2_sl
207 2624 -1280 2544 -1280 5 R2_sr
207 2624 -1264 2544 -1264 5 R2_sra
207 2624 -1232 2544 -1232 5 R2_ldh
207 2624 -1248 2544 -1248 5 R2_ldl
207 2624 -1328 2544 -1328 5 R2_and
207 2624 -1312 2544 -1312 5 R2_or
207 2624 -1344 2544 -1344 5 R2_sub
207 2624 -1360 2544 -1360 5 R2_add
152 2624 -1280 2880 -1280 0 11 0 5
207 2880 -1472 2960 -1472 4 R1
207 2880 -1088 2960 -1088 4 R3
207 1792 -1504 1888 -1504 5 R0_ld
207 1792 -1824 1888 -1824 5 R0_sl
207 1792 -1760 1888 -1760 5 R0_sr
207 1792 -1696 1888 -1696 5 R0_sra
207 1792 -1568 1888 -1568 5 R0_ldh
207 1792 -1632 1888 -1632 5 R0_ldl
207 1792 -1952 1888 -1952 5 R0_and
207 1792 -1888 1888 -1888 5 R0_or
207 1792 -2016 1888 -2016 5 R0_sub
207 1792 -2080 1888 -2080 5 R0_add
207 2288 -2096 2384 -2096 5 R1_add
207 2288 -2032 2384 -2032 5 R1_sub
207 2288 -1904 2384 -1904 5 R1_or
207 2288 -1968 2384 -1968 5 R1_and
207 2288 -1648 2384 -1648 5 R1_ldl
207 2288 -1584 2384 -1584 5 R1_ldh
207 2288 -1712 2384 -1712 5 R1_sra
207 2288 -1776 2384 -1776 5 R1_sr
207 2288 -1840 2384 -1840 5 R1_sl
207 2288 -1520 2384 -1520 5 R1_ld
150 2160 -1584 2288 -1584 0 2 0 5
150 2160 -1520 2288 -1520 0 2 0 5
150 2160 -1840 2288 -1840 0 2 0 5
150 2160 -1776 2288 -1776 0 2 0 5
150 2160 -1648 2288 -1648 0 2 0 5
150 2160 -1712 2288 -1712 0 2 0 5
150 2160 -1968 2288 -1968 0 2 0 5
150 2160 -1904 2288 -1904 0 2 0 5
150 2160 -2032 2288 -2032 0 2 0 5
150 2160 -2096 2288 -2096 0 2 0 5
150 1616 -1280 1744 -1280 0 2 0 5
150 1616 -1216 1744 -1216 0 2 0 5
150 1616 -1088 1744 -1088 0 2 0 5
150 1616 -1152 1744 -1152 0 2 0 5
150 1616 -896 1744 -896 0 2 0 5
150 1616 -832 1744 -832 0 2 0 5
150 1616 -960 1744 -960 0 2 0 5
150 1616 -1024 1744 -1024 0 2 0 5
150 1616 -704 1744 -704 0 2 0 5
150 1616 -768 1744 -768 0 2 0 5
207 1744 -704 1840 -704 5 R2_ld
207 1744 -1024 1840 -1024 5 R2_sl
207 1744 -960 1840 -960 5 R2_sr
207 1744 -896 1840 -896 5 R2_sra
207 1744 -768 1840 -768 5 R2_ldh
207 1744 -832 1840 -832 5 R2_ldl
207 1744 -1152 1840 -1152 5 R2_and
207 1744 -1088 1840 -1088 5 R2_or
207 1744 -1216 1840 -1216 5 R2_sub
207 1744 -1280 1840 -1280 5 R2_add
150 2160 -1264 2288 -1264 0 2 0 5
150 2160 -1200 2288 -1200 0 2 0 5
150 2160 -1072 2288 -1072 0 2 0 5
150 2160 -1136 2288 -1136 0 2 0 5
150 2160 -880 2288 -880 0 2 0 5
150 2160 -816 2288 -816 0 2 0 5
150 2160 -944 2288 -944 0 2 0 5
150 2160 -1008 2288 -1008 0 2 0 5
150 2160 -688 2288 -688 0 2 0 5
150 2160 -752 2288 -752 0 2 0 5
207 2288 -688 2384 -688 5 R3_ld
207 2288 -1008 2384 -1008 5 R3_sl
207 2288 -944 2384 -944 5 R3_sr
207 2288 -880 2384 -880 5 R3_sra
207 2288 -752 2384 -752 5 R3_ldh
207 2288 -816 2384 -816 5 R3_ldl
207 2288 -1136 2384 -1136 5 R3_and
207 2288 -1072 2384 -1072 5 R3_or
207 2288 -1200 2384 -1200 5 R3_sub
207 2288 -1264 2384 -1264 5 R3_add
. HA 0 2 2 4 A 2 0 2 B 1 1 2 CO 3 0 3 S 4 1 3 AndGateElm\s1\s2\s3\rXorGateElm\s1\s2\s4 0\\s2\\s0\\s5\s0\\s2\\s0\\s5
. FA 0 2 3 5 A 1 0 2 B 2 1 2 C 5 2 2 CO 8 0 3 S 7 1 3 CustomCompositeElm\s1\s2\s3\s4\rCustomCompositeElm\s4\s5\s6\s7\rOrGateElm\s6\s3\s8 1\\sHA\\s0\\\\s2\\\\s0\\\\s5\\s0\\\\s2\\\\s0\\\\s5\s1\\sHA\\s0\\\\s2\\\\s0\\\\s5\\s0\\\\s2\\\\s0\\\\s5\s0\\s2\\s0\\s5
. FA4 0 2 8 13 A0 16 0 2 A1 12 1 2 A2 8 2 2 A3 4 3 2 B0 18 4 2 B1 14 5 2 B2 10 6 2 B3 6 7 2 CO 28 7 3 S0 20 0 3 S1 22 1 3 S2 24 2 3 S3 26 3 3 CustomCompositeElm\s16\s18\s1\s20\rCustomCompositeElm\s4\s6\s3\s28\s26\rCustomCompositeElm\s8\s10\s2\s3\s24\rCustomCompositeElm\s12\s14\s1\s2\s22 1\\sHA\\s0\\\\s2\\\\s0\\\\s5\\s0\\\\s2\\\\s0\\\\s5\s1\\sFA\\s1\\\\sHA\\\\s0\\\\\\\\s2\\\\\\\\s0\\\\\\\\s5\\\\s0\\\\\\\\s2\\\\\\\\s0\\\\\\\\s5\\s1\\\\sHA\\\\s0\\\\\\\\s2\\\\\\\\s0\\\\\\\\s5\\\\s0\\\\\\\\s2\\\\\\\\s0\\\\\\\\s5\\s0\\\\s2\\\\s0\\\\s5\s1\\sFA\\s1\\\\sHA\\\\s0\\\\\\\\s2\\\\\\\\s0\\\\\\\\s5\\\\s0\\\\\\\\s2\\\\\\\\s0\\\\\\\\s5\\s1\\\\sHA\\\\s0\\\\\\\\s2\\\\\\\\s0\\\\\\\\s5\\\\s0\\\\\\\\s2\\\\\\\\s0\\\\\\\\s5\\s0\\\\s2\\\\s0\\\\s5\s1\\sFA\\s1\\\\sHA\\\\s0\\\\\\\\s2\\\\\\\\s0\\\\\\\\s5\\\\s0\\\\\\\\s2\\\\\\\\s0\\\\\\\\s5\\s1\\\\sHA\\\\s0\\\\\\\\s2\\\\\\\\s0\\\\\\\\s5\\\\s0\\\\\\\\s2\\\\\\\\s0\\\\\\\\s5\\s0\\\\s2\\\\s0\\\\s5
410 688 -1712 752 -1648 1 FA4 1\sHA\s0\\s2\\s0\\s5\s0\\s2\\s0\\s5 1\sFA\s1\\sHA\\s0\\\\s2\\\\s0\\\\s5\\s0\\\\s2\\\\s0\\\\s5\s1\\sHA\\s0\\\\s2\\\\s0\\\\s5\\s0\\\\s2\\\\s0\\\\s5\s0\\s2\\s0\\s5 1\sFA\s1\\sHA\\s0\\\\s2\\\\s0\\\\s5\\s0\\\\s2\\\\s0\\\\s5\s1\\sHA\\s0\\\\s2\\\\s0\\\\s5\\s0\\\\s2\\\\s0\\\\s5\s0\\s2\\s0\\s5 1\sFA\s1\\sHA\\s0\\\\s2\\\\s0\\\\s5\\s0\\\\s2\\\\s0\\\\s5\s1\\sHA\\s0\\\\s2\\\\s0\\\\s5\\s0\\\\s2\\\\s0\\\\s5\s0\\s2\\s0\\s5
207 688 -1712 608 -1712 4 A0
207 688 -1680 608 -1680 4 A1
207 688 -1648 608 -1648 4 A2
207 688 -1552 608 -1552 4 B1
207 688 -1584 608 -1584 4 B0
207 688 -1616 608 -1616 4 A3
207 688 -1520 608 -1520 4 B2
207 688 -1488 608 -1488 4 B3
207 1664 -1648 1600 -1648 4 D0
207 1664 -1712 1600 -1712 4 A1
207 1664 -1584 1600 -1584 4 A0
207 1664 -1520 1600 -1520 4 M0
207 1664 -1776 1600 -1776 4 A1
207 1664 -1968 1600 -1968 5 and_0
207 1664 -1904 1600 -1904 5 or_0
207 1664 -2032 1600 -2032 5 sub_0
207 1664 -2096 1600 -2096 5 add_0
207 2160 -2112 2096 -2112 5 add_1
207 2160 -2048 2096 -2048 5 sub_1
207 2160 -1920 2096 -1920 5 or_1
207 2160 -1984 2096 -1984 5 and_1
207 2160 -1856 2096 -1856 4 A0
207 2160 -1792 2096 -1792 4 A2
207 2160 -1536 2096 -1536 4 M1
207 2160 -1600 2096 -1600 4 A1
207 2160 -1728 2096 -1728 4 A2
207 2160 -1664 2096 -1664 4 D1
207 2160 -832 2096 -832 4 A3
207 2160 -896 2096 -896 4 A3
207 2160 -768 2096 -768 4 D1
207 2160 -704 2096 -704 4 M3
207 2160 -1024 2096 -1024 4 A2
207 2160 -1152 2096 -1152 5 and_3
207 2160 -1088 2096 -1088 5 or_3
207 2160 -1216 2096 -1216 5 sub_3
207 2160 -1280 2096 -1280 5 add_3
207 1616 -1296 1552 -1296 5 add_2
207 1616 -1232 1552 -1232 5 sub_2
207 1616 -1104 1552 -1104 5 or_2
207 1616 -1168 1552 -1168 5 and_2
207 1616 -1040 1552 -1040 4 A1
207 1616 -976 1552 -976 4 A3
207 1616 -720 1552 -720 4 M2
207 1616 -784 1552 -784 4 D0
207 1616 -912 1552 -912 4 A3
207 1616 -848 1552 -848 4 A2
g 2160 -960 2112 -960 0 0
g 1664 -1840 1600 -1840 0 0
207 784 -1712 880 -1712 5 add_0
207 784 -1680 880 -1680 5 add_1
207 784 -1616 880 -1616 5 add_3
207 784 -1648 880 -1648 5 add_2
. SUB 0 2 8 12 A0 34 0 2 A1 35 1 2 A2 36 2 2 A3 37 3 2 B0 26 4 2 B1 28 5 2 B2 32 6 2 B3 30 7 2 S0 39 0 3 S1 40 1 3 S2 41 2 3 S3 42 3 3 CustomCompositeElm\s1\s2\s3\s4\s5\s6\s7\s8\s9\s10\s11\s12\s13\rRailElm\s5\rGroundElm\s6\rGroundElm\s7\rGroundElm\s8\rCustomCompositeElm\s34\s35\s36\s37\s10\s11\s12\s13\s38\s39\s40\s41\s42\rInverterElm\s26\s1\rInverterElm\s28\s2\rInverterElm\s30\s4\rInverterElm\s32\s3 1\\sFA4\\s1\\\\sHA\\\\s0\\\\\\\\s2\\\\\\\\s0\\\\\\\\s5\\\\s0\\\\\\\\s2\\\\\\\\s0\\\\\\\\s5\\s1\\\\sFA\\\\s1\\\\\\\\sHA\\\\\\\\s0\\\\\\\\\\\\\\\\s2\\\\\\\\\\\\\\\\s0\\\\\\\\\\\\\\\\s5\\\\\\\\s0\\\\\\\\\\\\\\\\s2\\\\\\\\\\\\\\\\s0\\\\\\\\\\\\\\\\s5\\\\s1\\\\\\\\sHA\\\\\\\\s0\\\\\\\\\\\\\\\\s2\\\\\\\\\\\\\\\\s0\\\\\\\\\\\\\\\\s5\\\\\\\\s0\\\\\\\\\\\\\\\\s2\\\\\\\\\\\\\\\\s0\\\\\\\\\\\\\\\\s5\\\\s0\\\\\\\\s2\\\\\\\\s0\\\\\\\\s5\\s1\\\\sFA\\\\s1\\\\\\\\sHA\\\\\\\\s0\\\\\\\\\\\\\\\\s2\\\\\\\\\\\\\\\\s0\\\\\\\\\\\\\\\\s5\\\\\\\\s0\\\\\\\\\\\\\\\\s2\\\\\\\\\\\\\\\\s0\\\\\\\\\\\\\\\\s5\\\\s1\\\\\\\\sHA\\\\\\\\s0\\\\\\\\\\\\\\\\s2\\\\\\\\\\\\\\\\s0\\\\\\\\\\\\\\\\s5\\\\\\\\s0\\\\\\\\\\\\\\\\s2\\\\\\\\\\\\\\\\s0\\\\\\\\\\\\\\\\s5\\\\s0\\\\\\\\s2\\\\\\\\s0\\\\\\\\s5\\s1\\\\sFA\\\\s1\\\\\\\\sHA\\\\\\\\s0\\\\\\\\\\\\\\\\s2\\\\\\\\\\\\\\\\s0\\\\\\\\\\\\\\\\s5\\\\\\\\s0\\\\\\\\\\\\\\\\s2\\\\\\\\\\\\\\\\s0\\\\\\\\\\\\\\\\s5\\\\s1\\\\\\\\sHA\\\\\\\\s0\\\\\\\\\\\\\\\\s2\\\\\\\\\\\\\\\\s0\\\\\\\\\\\\\\\\s5\\\\\\\\s0\\\\\\\\\\\\\\\\s2\\\\\\\\\\\\\\\\s0\\\\\\\\\\\\\\\\s5\\\\s0\\\\\\\\s2\\\\\\\\s0\\\\\\\\s5\s0\\s0\\s40\\s5\\s0\\s0\\s0.5\s0\\s0\s0\\s0\s0\\s0\s1\\sFA4\\s1\\\\sHA\\\\s0\\\\\\\\s2\\\\\\\\s0\\\\\\\\s5\\\\s0\\\\\\\\s2\\\\\\\\s0\\\\\\\\s5\\s1\\\\sFA\\\\s1\\\\\\\\sHA\\\\\\\\s0\\\\\\\\\\\\\\\\s2\\\\\\\\\\\\\\\\s0\\\\\\\\\\\\\\\\s5\\\\\\\\s0\\\\\\\\\\\\\\\\s2\\\\\\\\\\\\\\\\s0\\\\\\\\\\\\\\\\s5\\\\s1\\\\\\\\sHA\\\\\\\\s0\\\\\\\\\\\\\\\\s2\\\\\\\\\\\\\\\\s0\\\\\\\\\\\\\\\\s5\\\\\\\\s0\\\\\\\\\\\\\\\\s2\\\\\\\\\\\\\\\\s0\\\\\\\\\\\\\\\\s5\\\\s0\\\\\\\\s2\\\\\\\\s0\\\\\\\\s5\\s1\\\\sFA\\\\s1\\\\\\\\sHA\\\\\\\\s0\\\\\\\\\\\\\\\\s2\\\\\\\\\\\\\\\\s0\\\\\\\\\\\\\\\\s5\\\\\\\\s0\\\\\\\\\\\\\\\\s2\\\\\\\\\\\\\\\\s0\\\\\\\\\\\\\\\\s5\\\\s1\\\\\\\\sHA\\\\\\\\s0\\\\\\\\\\\\\\\\s2\\\\\\\\\\\\\\\\s0\\\\\\\\\\\\\\\\s5\\\\\\\\s0\\\\\\\\\\\\\\\\s2\\\\\\\\\\\\\\\\s0\\\\\\\\\\\\\\\\s5\\\\s0\\\\\\\\s2\\\\\\\\s0\\\\\\\\s5\\s1\\\\sFA\\\\s1\\\\\\\\sHA\\\\\\\\s0\\\\\\\\\\\\\\\\s2\\\\\\\\\\\\\\\\s0\\\\\\\\\\\\\\\\s5\\\\\\\\s0\\\\\\\\\\\\\\\\s2\\\\\\\\\\\\\\\\s0\\\\\\\\\\\\\\\\s5\\\\s1\\\\\\\\sHA\\\\\\\\s0\\\\\\\\\\\\\\\\s2\\\\\\\\\\\\\\\\s0\\\\\\\\\\\\\\\\s5\\\\\\\\s0\\\\\\\\\\\\\\\\s2\\\\\\\\\\\\\\\\s0\\\\\\\\\\\\\\\\s5\\\\s0\\\\\\\\s2\\\\\\\\s0\\\\\\\\s5\s0\\s0.5\\s5\s0\\s0.5\\s5\s0\\s0.5\\s5\s0\\s0.5\\s5
410 1104 -1712 1152 -1680 1 SUB 1\sFA4\s1\\sHA\\s0\\\\s2\\\\s0\\\\s5\\s0\\\\s2\\\\s0\\\\s5\s1\\sFA\\s1\\\\sHA\\\\s0\\\\\\\\s2\\\\\\\\s0\\\\\\\\s5\\\\s0\\\\\\\\s2\\\\\\\\s0\\\\\\\\s5\\s1\\\\sHA\\\\s0\\\\\\\\s2\\\\\\\\s0\\\\\\\\s5\\\\s0\\\\\\\\s2\\\\\\\\s0\\\\\\\\s5\\s0\\\\s2\\\\s0\\\\s5\s1\\sFA\\s1\\\\sHA\\\\s0\\\\\\\\s2\\\\\\\\s0\\\\\\\\s5\\\\s0\\\\\\\\s2\\\\\\\\s0\\\\\\\\s5\\s1\\\\sHA\\\\s0\\\\\\\\s2\\\\\\\\s0\\\\\\\\s5\\\\s0\\\\\\\\s2\\\\\\\\s0\\\\\\\\s5\\s0\\\\s2\\\\s0\\\\s5\s1\\sFA\\s1\\\\sHA\\\\s0\\\\\\\\s2\\\\\\\\s0\\\\\\\\s5\\\\s0\\\\\\\\s2\\\\\\\\s0\\\\\\\\s5\\s1\\\\sHA\\\\s0\\\\\\\\s2\\\\\\\\s0\\\\\\\\s5\\\\s0\\\\\\\\s2\\\\\\\\s0\\\\\\\\s5\\s0\\\\s2\\\\s0\\\\s5 0\s0\s40\s5\s0\s0\s0.5 0\s0 0\s0 0\s0 1\sFA4\s1\\sHA\\s0\\\\s2\\\\s0\\\\s5\\s0\\\\s2\\\\s0\\\\s5\s1\\sFA\\s1\\\\sHA\\\\s0\\\\\\\\s2\\\\\\\\s0\\\\\\\\s5\\\\s0\\\\\\\\s2\\\\\\\\s0\\\\\\\\s5\\s1\\\\sHA\\\\s0\\\\\\\\s2\\\\\\\\s0\\\\\\\\s5\\\\s0\\\\\\\\s2\\\\\\\\s0\\\\\\\\s5\\s0\\\\s2\\\\s0\\\\s5\s1\\sFA\\s1\\\\sHA\\\\s0\\\\\\\\s2\\\\\\\\s0\\\\\\\\s5\\\\s0\\\\\\\\s2\\\\\\\\s0\\\\\\\\s5\\s1\\\\sHA\\\\s0\\\\\\\\s2\\\\\\\\s0\\\\\\\\s5\\\\s0\\\\\\\\s2\\\\\\\\s0\\\\\\\\s5\\s0\\\\s2\\\\s0\\\\s5\s1\\sFA\\s1\\\\sHA\\\\s0\\\\\\\\s2\\\\\\\\s0\\\\\\\\s5\\\\s0\\\\\\\\s2\\\\\\\\s0\\\\\\\\s5\\s1\\\\sHA\\\\s0\\\\\\\\s2\\\\\\\\s0\\\\\\\\s5\\\\s0\\\\\\\\s2\\\\\\\\s0\\\\\\\\s5\\s0\\\\s2\\\\s0\\\\s5 0\s0.5\s5 0\s0.5\s5 0\s0.5\s5 0\s0.5\s5
207 1104 -1488 1024 -1488 4 B3
207 1104 -1520 1024 -1520 4 B2
207 1104 -1616 1024 -1616 4 A3
207 1104 -1584 1024 -1584 4 B0
207 1104 -1552 1024 -1552 4 B1
207 1104 -1648 1024 -1648 4 A2
207 1104 -1680 1024 -1680 4 A1
207 1104 -1712 1024 -1712 4 A0
207 1200 -1648 1296 -1648 5 sub_2
207 1200 -1616 1296 -1616 5 sub_3
207 1200 -1680 1296 -1680 5 sub_1
207 1200 -1712 1296 -1712 5 sub_0
. and_4bit 0 2 8 12 A0 2 0 2 A1 11 1 2 A2 23 2 2 A3 14 3 2 B0 1 4 2 B1 9 5 2 B2 21 6 2 B3 13 7 2 S0 3 0 3 S1 7 1 3 S2 19 2 3 S3 15 3 3 AndGateElm\s1\s2\s3\rAndGateElm\s9\s11\s7\rAndGateElm\s13\s14\s15\rAndGateElm\s21\s23\s19 0\\s2\\s0\\s5\s0\\s2\\s0\\s5\s0\\s2\\s0\\s5\s0\\s2\\s0\\s5
410 688 -1312 688 -1280 1 and_4bit 0\s2\s0\s5 0\s2\s0\s5 0\s2\s0\s5 0\s2\s0\s5
207 688 -1088 608 -1088 4 B3
207 688 -1120 608 -1120 4 B2
207 688 -1216 608 -1216 4 A3
207 688 -1184 608 -1184 4 B0
207 688 -1152 608 -1152 4 B1
207 688 -1248 608 -1248 4 A2
207 688 -1280 608 -1280 4 A1
207 688 -1312 608 -1312 4 A0
207 784 -1248 880 -1248 5 and_2
207 784 -1216 880 -1216 5 and_3
207 784 -1280 880 -1280 5 and_1
207 784 -1312 880 -1312 5 and_0
. or_4bit 0 2 8 12 A0 1 0 2 A1 11 1 2 A2 23 2 2 A3 13 3 2 B0 3 4 2 B1 9 5 2 B2 21 6 2 B3 15 7 2 S0 5 0 3 S1 7 1 3 S2 19 2 3 S3 17 3 3 OrGateElm\s3\s1\s5\rOrGateElm\s9\s11\s7\rOrGateElm\s15\s13\s17\rOrGateElm\s21\s23\s19 0\\s2\\s0\\s5\s0\\s2\\s0\\s5\s0\\s2\\s0\\s5\s0\\s2\\s0\\s5
410 1104 -1328 1120 -1264 1 or_4bit 0\s2\s0\s5 0\s2\s0\s5 0\s2\s0\s5 0\s2\s0\s5
207 1104 -1328 1024 -1328 4 A0
207 1104 -1296 1024 -1296 4 A1
207 1104 -1264 1024 -1264 4 A2
207 1104 -1168 1024 -1168 4 B1
207 1104 -1200 1024 -1200 4 B0
207 1104 -1232 1024 -1232 4 A3
207 1104 -1136 1024 -1136 4 B2
207 1104 -1104 1024 -1104 4 B3
207 1200 -1328 1296 -1328 5 or_0
207 1200 -1296 1296 -1296 5 or_1
207 1200 -1232 1296 -1232 5 or_3
207 1200 -1264 1296 -1264 5 or_2
207 1664 -1456 1600 -1456 4 B0
207 1792 -1440 1888 -1440 5 R0_mov
207 1664 -1424 1600 -1424 4 MOV
150 1664 -1440 1792 -1440 0 2 0 5
207 2160 -1472 2096 -1472 4 B1
150 2160 -1456 2288 -1456 0 2 0 5
207 2288 -1456 2384 -1456 5 R1_mov
207 1616 -656 1552 -656 4 B2
207 1744 -640 1840 -640 5 R2_mov
150 1616 -640 1744 -640 0 2 0 5
207 2160 -640 2096 -640 4 B3
207 2288 -624 2384 -624 5 R3_mov
150 2160 -624 2288 -624 0 2 0 5
207 2624 -1584 2544 -1584 5 R0_mov
207 2624 -1392 2544 -1392 5 R1_mov
207 2624 -1200 2544 -1200 5 R2_mov
207 2624 -1008 2544 -1008 5 R3_mov
207 2160 -2080 2096 -2080 4 ADD
207 2160 -2016 2096 -2016 4 SUB
207 2160 -1952 2096 -1952 4 AND
207 2160 -1888 2096 -1888 4 OR
207 2160 -1824 2096 -1824 4 SL
207 2160 -1760 2096 -1760 4 SR
207 2160 -1696 2096 -1696 4 SRA
207 2160 -1632 2096 -1632 4 LDL
207 2160 -1568 2096 -1568 4 LDH
207 2160 -1504 2096 -1504 4 LD
207 2160 -1440 2096 -1440 4 MOV
207 1616 -624 1552 -624 4 MOV
207 1616 -688 1552 -688 4 LD
207 1616 -752 1552 -752 4 LDH
207 1616 -816 1552 -816 4 LDL
207 1616 -880 1552 -880 4 SRA
207 1616 -944 1552 -944 4 SR
207 1616 -1008 1552 -1008 4 SL
207 1616 -1072 1552 -1072 4 OR
207 1616 -1136 1552 -1136 4 AND
207 1616 -1200 1552 -1200 4 SUB
207 1616 -1264 1552 -1264 4 ADD
207 2160 -608 2096 -608 4 MOV
207 2160 -672 2096 -672 4 LD
207 2160 -736 2096 -736 4 LDH
207 2160 -800 2096 -800 4 LDL
207 2160 -864 2096 -864 4 SRA
207 2160 -928 2096 -928 4 SR
207 2160 -992 2096 -992 4 SL
207 2160 -1056 2096 -1056 4 OR
207 2160 -1120 2096 -1120 4 AND
207 2160 -1184 2096 -1184 4 SUB
207 2160 -1248 2096 -1248 4 ADD
. ALU 0 2 25 29 A0 223 2 2 A1 224 3 2 A2 225 4 2 A3 226 5 2 ADD 13 14 2 AND 22 16 2 B0 227 6 2 B1 228 7 2 B2 229 8 2 B3 230 9 2 D0 29 0 2 D1 152 1 2 LD 37 23 2 LDH 40 22 2 LDL 28 21 2 M0 38 10 2 M1 146 11 2 M2 188 12 2 M3 218 13 2 MOV 355 24 2 OR 19 17 2 R0 12 0 3 R1 85 1 3 R2 108 2 3 R3 97 3 3 SL 34 18 2 SR 31 19 2 SRA 25 20 2 SUB 16 15 2 OrGateElm\s353\s2\s3\s4\s5\s6\s7\s8\s9\s10\s11\s12\rAndGateElm\s13\s14\s11\rAndGateElm\s16\s17\s10\rAndGateElm\s19\s20\s8\rAndGateElm\s22\s23\s9\rAndGateElm\s25\s224\s5\rAndGateElm\s28\s29\s4\rAndGateElm\s31\s224\s6\rAndGateElm\s34\s35\s7\rAndGateElm\s37\s38\s2\rAndGateElm\s40\s223\s3\rOrGateElm\s359\s64\s72\s74\s70\s68\s66\s78\s76\s80\s82\s85\rOrGateElm\s366\s87\s88\s89\s90\s91\s92\s93\s94\s95\s96\s97\rOrGateElm\s362\s110\s118\s120\s116\s114\s112\s124\s122\s126\s128\s108\rAndGateElm\s40\s224\s72\rAndGateElm\s37\s146\s64\rAndGateElm\s34\s223\s66\rAndGateElm\s31\s225\s68\rAndGateElm\s28\s152\s74\rAndGateElm\s25\s225\s70\rAndGateElm\s22\s156\s76\rAndGateElm\s19\s158\s78\rAndGateElm\s16\s160\s80\rAndGateElm\s13\s162\s82\rAndGateElm\s13\s164\s128\rAndGateElm\s16\s167\s126\rAndGateElm\s19\s170\s124\rAndGateElm\s22\s173\s122\rAndGateElm\s25\s226\s116\rAndGateElm\s28\s225\s120\rAndGateElm\s31\s226\s114\rAndGateElm\s34\s224\s112\rAndGateElm\s37\s188\s110\rAndGateElm\s40\s29\s118\rAndGateElm\s13\s194\s96\rAndGateElm\s16\s197\s95\rAndGateElm\s19\s200\s93\rAndGateElm\s22\s203\s94\rAndGateElm\s25\s226\s90\rAndGateElm\s28\s226\s89\rAndGateElm\s31\s212\s91\rAndGateElm\s34\s225\s92\rAndGateElm\s37\s218\s87\rAndGateElm\s40\s152\s88\rCustomCompositeElm\s223\s224\s225\s226\s227\s228\s229\s230\s231\s14\s162\s164\s194\rGroundElm\s212\rGroundElm\s35\rCustomCompositeElm\s223\s224\s225\s226\s227\s228\s229\s230\s17\s160\s167\s197\rCustomCompositeElm\s223\s224\s225\s226\s227\s228\s229\s230\s23\s156\s173\s203\rCustomCompositeElm\s223\s224\s225\s226\s227\s228\s229\s230\s20\s158\s170\s200\rAndGateElm\s355\s227\s353\rAndGateElm\s355\s228\s359\rAndGateElm\s355\s229\s362\rAndGateElm\s355\s230\s366 0\\s11\\s0\\s5\s0\\s2\\s0\\s5\s0\\s2\\s0\\s5\s0\\s2\\s0\\s5\s0\\s2\\s0\\s5\s0\\s2\\s0\\s5\s0\\s2\\s0\\s5\s0\\s2\\s0\\s5\s0\\s2\\s0\\s5\s0\\s2\\s0\\s5\s0\\s2\\s0\\s5\s0\\s11\\s0\\s5\s0\\s11\\s0\\s5\s0\\s11\\s0\\s5\s0\\s2\\s0\\s5\s0\\s2\\s0\\s5\s0\\s2\\s0\\s5\s0\\s2\\s0\\s5\s0\\s2\\s0\\s5\s0\\s2\\s0\\s5\s0\\s2\\s0\\s5\s0\\s2\\s0\\s5\s0\\s2\\s0\\s5\s0\\s2\\s0\\s5\s0\\s2\\s0\\s5\s0\\s2\\s0\\s5\s0\\s2\\s0\\s5\s0\\s2\\s0\\s5\s0\\s2\\s0\\s5\s0\\s2\\s0\\s5\s0\\s2\\s0\\s5\s0\\s2\\s0\\s5\s0\\s2\\s0\\s5\s0\\s2\\s0\\s5\s0\\s2\\s0\\s5\s0\\s2\\s0\\s5\s0\\s2\\s0\\s5\s0\\s2\\s0\\s5\s0\\s2\\s0\\s5\s0\\s2\\s0\\s5\s0\\s2\\s0\\s5\s0\\s2\\s0\\s5\s0\\s2\\s0\\s5\s0\\s2\\s0\\s5\s1\\sFA4\\s1\\\\sHA\\\\s0\\\\\\\\s2\\\\\\\\s0\\\\\\\\s5\\\\s0\\\\\\\\s2\\\\\\\\s0\\\\\\\\s5\\s1\\\\sFA\\\\s1\\\\\\\\sHA\\\\\\\\s0\\\\\\\\\\\\\\\\s2\\\\\\\\\\\\\\\\s0\\\\\\\\\\\\\\\\s5\\\\\\\\s0\\\\\\\\\\\\\\\\s2\\\\\\\\\\\\\\\\s0\\\\\\\\\\\\\\\\s5\\\\s1\\\\\\\\sHA\\\\\\\\s0\\\\\\\\\\\\\\\\s2\\\\\\\\\\\\\\\\s0\\\\\\\\\\\\\\\\s5\\\\\\\\s0\\\\\\\\\\\\\\\\s2\\\\\\\\\\\\\\\\s0\\\\\\\\\\\\\\\\s5\\\\s0\\\\\\\\s2\\\\\\\\s0\\\\\\\\s5\\s1\\\\sFA\\\\s1\\\\\\\\sHA\\\\\\\\s0\\\\\\\\\\\\\\\\s2\\\\\\\\\\\\\\\\s0\\\\\\\\\\\\\\\\s5\\\\\\\\s0\\\\\\\\\\\\\\\\s2\\\\\\\\\\\\\\\\s0\\\\\\\\\\\\\\\\s5\\\\s1\\\\\\\\sHA\\\\\\\\s0\\\\\\\\\\\\\\\\s2\\\\\\\\\\\\\\\\s0\\\\\\\\\\\\\\\\s5\\\\\\\\s0\\\\\\\\\\\\\\\\s2\\\\\\\\\\\\\\\\s0\\\\\\\\\\\\\\\\s5\\\\s0\\\\\\\\s2\\\\\\\\s0\\\\\\\\s5\\s1\\\\sFA\\\\s1\\\\\\\\sHA\\\\\\\\s0\\\\\\\\\\\\\\\\s2\\\\\\\\\\\\\\\\s0\\\\\\\\\\\\\\\\s5\\\\\\\\s0\\\\\\\\\\\\\\\\s2\\\\\\\\\\\\\\\\s0\\\\\\\\\\\\\\\\s5\\\\s1\\\\\\\\sHA\\\\\\\\s0\\\\\\\\\\\\\\\\s2\\\\\\\\\\\\\\\\s0\\\\\\\\\\\\\\\\s5\\\\\\\\s0\\\\\\\\\\\\\\\\s2\\\\\\\\\\\\\\\\s0\\\\\\\\\\\\\\\\s5\\\\s0\\\\\\\\s2\\\\\\\\s0\\\\\\\\s5\s0\\s0\s0\\s0\s1\\sSUB\\s1\\\\sFA4\\\\s1\\\\\\\\sHA\\\\\\\\s0\\\\\\\\\\\\\\\\s2\\\\\\\\\\\\\\\\s0\\\\\\\\\\\\\\\\s5\\\\\\\\s0\\\\\\\\\\\\\\\\s2\\\\\\\\\\\\\\\\s0\\\\\\\\\\\\\\\\s5\\\\s1\\\\\\\\sFA\\\\\\\\s1\\\\\\\\\\\\\\\\sHA\\\\\\\\\\\\\\\\s0\\\\\\\\\\\\\\\\\\\\\\\\\\\\\\\\s2\\\\\\\\\\\\\\\\\\\\\\\\\\\\\\\\s0\\\\\\\\\\\\\\\\\\\\\\\\\\\\\\\\s5\\\\\\\\\\\\\\\\s0\\\\\\\\\\\\\\\\\\\\\\\\\\\\\\\\s2\\\\\\\\\\\\\\\\\\\\\\\\\\\\\\\\s0\\\\\\\\\\\\\\\\\\\\\\\\\\\\\\\\s5\\\\\\\\s1\\\\\\\\\\\\\\\\sHA\\\\\\\\\\\\\\\\s0\\\\\\\\\\\\\\\\\\\\\\\\\\\\\\\\s2\\\\\\\\\\\\\\\\\\\\\\\\\\\\\\\\s0\\\\\\\\\\\\\\\\\\\\\\\\\\\\\\\\s5\\\\\\\\\\\\\\\\s0\\\\\\\\\\\\\\\\\\\\\\\\\\\\\\\\s2\\\\\\\\\\\\\\\\\\\\\\\\\\\\\\\\s0\\\\\\\\\\\\\\\\\\\\\\\\\\\\\\\\s5\\\\\\\\s0\\\\\\\\\\\\\\\\s2\\\\\\\\\\\\\\\\s0\\\\\\\\\\\\\\\\s5\\\\s1\\\\\\\\sFA\\\\\\\\s1\\\\\\\\\\\\\\\\sHA\\\\\\\\\\\\\\\\s0\\\\\\\\\\\\\\\\\\\\\\\\\\\\\\\\s2\\\\\\\\\\\\\\\\\\\\\\\\\\\\\\\\s0\\\\\\\\\\\\\\\\\\\\\\\\\\\\\\\\s5\\\\\\\\\\\\\\\\s0\\\\\\\\\\\\\\\\\\\\\\\\\\\\\\\\s2\\\\\\\\\\\\\\\\\\\\\\\\\\\\\\\\s0\\\\\\\\\\\\\\\\\\\\\\\\\\\\\\\\s5\\\\\\\\s1\\\\\\\\\\\\\\\\sHA\\\\\\\\\\\\\\\\s0\\\\\\\\\\\\\\\\\\\\\\\\\\\\\\\\s2\\\\\\\\\\\\\\\\\\\\\\\\\\\\\\\\s0\\\\\\\\\\\\\\\\\\\\\\\\\\\\\\\\s5\\\\\\\\\\\\\\\\s0\\\\\\\\\\\\\\\\\\\\\\\\\\\\\\\\s2\\\\\\\\\\\\\\\\\\\\\\\\\\\\\\\\s0\\\\\\\\\\\\\\\\\\\\\\\\\\\\\\\\s5\\\\\\\\s0\\\\\\\\\\\\\\\\s2\\\\\\\\\\\\\\\\s0\\\\\\\\\\\\\\\\s5\\\\s1\\\\\\\\sFA\\\\\\\\s1\\\\\\\\\\\\\\\\sHA\\\\\\\\\\\\\\\\s0\\\\\\\\\\\\\\\\\\\\\\\\\\\\\\\\s2\\\\\\\\\\\\\\\\\\\\\\\\\\\\\\\\s0\\\\\\\\\\\\\\\\\\\\\\\\\\\\\\\\s5\\\\\\\\\\\\\\\\s0\\\\\\\\\\\\\\\\\\\\\\\\\\\\\\\\s2\\\\\\\\\\\\\\\\\\\\\\\\\\\\\\\\s0\\\\\\\\\\\\\\\\\\\\\\\\\\\\\\\\s5\\\\\\\\s1\\\\\\\\\\\\\\\\sHA\\\\\\\\\\\\\\\\s0\\\\\\\\\\\\\\\\\\\\\\\\\\\\\\\\s2\\\\\\\\\\\\\\\\\\\\\\\\\\\\\\\\s0\\\\\\\\\\\\\\\\\\\\\\\\\\\\\\\\s5\\\\\\\\\\\\\\\\s0\\\\\\\\\\\\\\\\\\\\\\\\\\\\\\\\s2\\\\\\\\\\\\\\\\\\\\\\\\\\\\\\\\s0\\\\\\\\\\\\\\\\\\\\\\\\\\\\\\\\s5\\\\\\\\s0\\\\\\\\\\\\\\\\s2\\\\\\\\\\\\\\\\s0\\\\\\\\\\\\\\\\s5\\s0\\\\s0\\\\s40\\\\s5\\\\s0\\\\s0\\\\s0.5\\s0\\\\s0\\s0\\\\s0\\s0\\\\s0\\s1\\\\sFA4\\\\s1\\\\\\\\sHA\\\\\\\\s0\\\\\\\\\\\\\\\\s2\\\\\\\\\\\\\\\\s0\\\\\\\\\\\\\\\\s5\\\\\\\\s0\\\\\\\\\\\\\\\\s2\\\\\\\\\\\\\\\\s0\\\\\\\\\\\\\\\\s5\\\\s1\\\\\\\\sFA\\\\\\\\s1\\\\\\\\\\\\\\\\sHA\\\\\\\\\\\\\\\\s0\\\\\\\\\\\\\\\\\\\\\\\\\\\\\\\\s2\\\\\\\\\\\\\\\\\\\\\\\\\\\\\\\\s0\\\\\\\\\\\\\\\\\\\\\\\\\\\\\\\\s5\\\\\\\\\\\\\\\\s0\\\\\\\\\\\\\\\\\\\\\\\\\\\\\\\\s2\\\\\\\\\\\\\\\\\\\\\\\\\\\\\\\\s0\\\\\\\\\\\\\\\\\\\\\\\\\\\\\\\\s5\\\\\\\\s1\\\\\\\\\\\\\\\\sHA\\\\\\\\\\\\\\\\s0\\\\\\\\\\\\\\\\\\\\\\\\\\\\\\\\s2\\\\\\\\\\\\\\\\\\\\\\\\\\\\\\\\s0\\\\\\\\\\\\\\\\\\\\\\\\\\\\\\\\s5\\\\\\\\\\\\\\\\s0\\\\\\\\\\\\\\\\\\\\\\\\\\\\\\\\s2\\\\\\\\\\\\\\\\\\\\\\\\\\\\\\\\s0\\\\\\\\\\\\\\\\\\\\\\\\\\\\\\\\s5\\\\\\\\s0\\\\\\\\\\\\\\\\s2\\\\\\\\\\\\\\\\s0\\\\\\\\\\\\\\\\s5\\\\s1\\\\\\\\sFA\\\\\\\\s1\\\\\\\\\\\\\\\\sHA\\\\\\\\\\\\\\\\s0\\\\\\\\\\\\\\\\\\\\\\\\\\\\\\\\s2\\\\\\\\\\\\\\\\\\\\\\\\\\\\\\\\s0\\\\\\\\\\\\\\\\\\\\\\\\\\\\\\\\s5\\\\\\\\\\\\\\\\s0\\\\\\\\\\\\\\\\\\\\\\\\\\\\\\\\s2\\\\\\\\\\\\\\\\\\\\\\\\\\\\\\\\s0\\\\\\\\\\\\\\\\\\\\\\\\\\\\\\\\s5\\\\\\\\s1\\\\\\\\\\\\\\\\sHA\\\\\\\\\\\\\\\\s0\\\\\\\\\\\\\\\\\\\\\\\\\\\\\\\\s2\\\\\\\\\\\\\\\\\\\\\\\\\\\\\\\\s0\\\\\\\\\\\\\\\\\\\\\\\\\\\\\\\\s5\\\\\\\\\\\\\\\\s0\\\\\\\\\\\\\\\\\\\\\\\\\\\\\\\\s2\\\\\\\\\\\\\\\\\\\\\\\\\\\\\\\\s0\\\\\\\\\\\\\\\\\\\\\\\\\\\\\\\\s5\\\\\\\\s0\\\\\\\\\\\\\\\\s2\\\\\\\\\\\\\\\\s0\\\\\\\\\\\\\\\\s5\\\\s1\\\\\\\\sFA\\\\\\\\s1\\\\\\\\\\\\\\\\sHA\\\\\\\\\\\\\\\\s0\\\\\\\\\\\\\\\\\\\\\\\\\\\\\\\\s2\\\\\\\\\\\\\\\\\\\\\\\\\\\\\\\\s0\\\\\\\\\\\\\\\\\\\\\\\\\\\\\\\\s5\\\\\\\\\\\\\\\\s0\\\\\\\\\\\\\\\\\\\\\\\\\\\\\\\\s2\\\\\\\\\\\\\\\\\\\\\\\\\\\\\\\\s0\\\\\\\\\\\\\\\\\\\\\\\\\\\\\\\\s5\\\\\\\\s1\\\\\\\\\\\\\\\\sHA\\\\\\\\\\\\\\\\s0\\\\\\\\\\\\\\\\\\\\\\\\\\\\\\\\s2\\\\\\\\\\\\\\\\\\\\\\\\\\\\\\\\s0\\\\\\\\\\\\\\\\\\\\\\\\\\\\\\\\s5\\\\\\\\\\\\\\\\s0\\\\\\\\\\\\\\\\\\\\\\\\\\\\\\\\s2\\\\\\\\\\\\\\\\\\\\\\\\\\\\\\\\s0\\\\\\\\\\\\\\\\\\\\\\\\\\\\\\\\s5\\\\\\\\s0\\\\\\\\\\\\\\\\s2\\\\\\\\\\\\\\\\s0\\\\\\\\\\\\\\\\s5\\s0\\\\s0.5\\\\s5\\s0\\\\s0.5\\\\s5\\s0\\\\s0.5\\\\s5\\s0\\\\s0.5\\\\s5\s1\\sand_4bit\\s0\\\\s2\\\\s0\\\\s5\\s0\\\\s2\\\\s0\\\\s5\\s0\\\\s2\\\\s0\\\\s5\\s0\\\\s2\\\\s0\\\\s5\s1\\sor_4bit\\s0\\\\s2\\\\s0\\\\s5\\s0\\\\s2\\\\s0\\\\s5\\s0\\\\s2\\\\s0\\\\s5\\s0\\\\s2\\\\s0\\\\s5\s0\\s2\\s0\\s5\s0\\s2\\s0\\s5\s0\\s2\\s0\\s5\s0\\s2\\s0\\s5
410 320 -1824 320 -1792 1 ALU 0\s11\s0\s5 0\s2\s0\s5 0\s2\s0\s5 0\s2\s0\s5 0\s2\s0\s5 0\s2\s0\s5 0\s2\s0\s5 0\s2\s0\s5 0\s2\s0\s5 0\s2\s0\s5 0\s2\s0\s5 0\s11\s0\s5 0\s11\s0\s5 0\s11\s0\s5 0\s2\s0\s5 0\s2\s0\s5 0\s2\s0\s5 0\s2\s0\s5 0\s2\s0\s5 0\s2\s0\s5 0\s2\s0\s5 0\s2\s0\s5 0\s2\s0\s5 0\s2\s0\s5 0\s2\s0\s5 0\s2\s0\s5 0\s2\s0\s5 0\s2\s0\s5 0\s2\s0\s5 0\s2\s0\s5 0\s2\s0\s5 0\s2\s0\s5 0\s2\s0\s5 0\s2\s0\s5 0\s2\s0\s5 0\s2\s0\s5 0\s2\s0\s5 0\s2\s0\s5 0\s2\s0\s5 0\s2\s0\s5 0\s2\s0\s5 0\s2\s0\s5 0\s2\s0\s5 0\s2\s0\s5 1\sFA4\s1\\sHA\\s0\\\\s2\\\\s0\\\\s5\\s0\\\\s2\\\\s0\\\\s5\s1\\sFA\\s1\\\\sHA\\\\s0\\\\\\\\s2\\\\\\\\s0\\\\\\\\s5\\\\s0\\\\\\\\s2\\\\\\\\s0\\\\\\\\s5\\s1\\\\sHA\\\\s0\\\\\\\\s2\\\\\\\\s0\\\\\\\\s5\\\\s0\\\\\\\\s2\\\\\\\\s0\\\\\\\\s5\\s0\\\\s2\\\\s0\\\\s5\s1\\sFA\\s1\\\\sHA\\\\s0\\\\\\\\s2\\\\\\\\s0\\\\\\\\s5\\\\s0\\\\\\\\s2\\\\\\\\s0\\\\\\\\s5\\s1\\\\sHA\\\\s0\\\\\\\\s2\\\\\\\\s0\\\\\\\\s5\\\\s0\\\\\\\\s2\\\\\\\\s0\\\\\\\\s5\\s0\\\\s2\\\\s0\\\\s5\s1\\sFA\\s1\\\\sHA\\\\s0\\\\\\\\s2\\\\\\\\s0\\\\\\\\s5\\\\s0\\\\\\\\s2\\\\\\\\s0\\\\\\\\s5\\s1\\\\sHA\\\\s0\\\\\\\\s2\\\\\\\\s0\\\\\\\\s5\\\\s0\\\\\\\\s2\\\\\\\\s0\\\\\\\\s5\\s0\\\\s2\\\\s0\\\\s5 0\s0 0\s0 1\sSUB\s1\\sFA4\\s1\\\\sHA\\\\s0\\\\\\\\s2\\\\\\\\s0\\\\\\\\s5\\\\s0\\\\\\\\s2\\\\\\\\s0\\\\\\\\s5\\s1\\\\sFA\\\\s1\\\\\\\\sHA\\\\\\\\s0\\\\\\\\\\\\\\\\s2\\\\\\\\\\\\\\\\s0\\\\\\\\\\\\\\\\s5\\\\\\\\s0\\\\\\\\\\\\\\\\s2\\\\\\\\\\\\\\\\s0\\\\\\\\\\\\\\\\s5\\\\s1\\\\\\\\sHA\\\\\\\\s0\\\\\\\\\\\\\\\\s2\\\\\\\\\\\\\\\\s0\\\\\\\\\\\\\\\\s5\\\\\\\\s0\\\\\\\\\\\\\\\\s2\\\\\\\\\\\\\\\\s0\\\\\\\\\\\\\\\\s5\\\\s0\\\\\\\\s2\\\\\\\\s0\\\\\\\\s5\\s1\\\\sFA\\\\s1\\\\\\\\sHA\\\\\\\\s0\\\\\\\\\\\\\\\\s2\\\\\\\\\\\\\\\\s0\\\\\\\\\\\\\\\\s5\\\\\\\\s0\\\\\\\\\\\\\\\\s2\\\\\\\\\\\\\\\\s0\\\\\\\\\\\\\\\\s5\\\\s1\\\\\\\\sHA\\\\\\\\s0\\\\\\\\\\\\\\\\s2\\\\\\\\\\\\\\\\s0\\\\\\\\\\\\\\\\s5\\\\\\\\s0\\\\\\\\\\\\\\\\s2\\\\\\\\\\\\\\\\s0\\\\\\\\\\\\\\\\s5\\\\s0\\\\\\\\s2\\\\\\\\s0\\\\\\\\s5\\s1\\\\sFA\\\\s1\\\\\\\\sHA\\\\\\\\s0\\\\\\\\\\\\\\\\s2\\\\\\\\\\\\\\\\s0\\\\\\\\\\\\\\\\s5\\\\\\\\s0\\\\\\\\\\\\\\\\s2\\\\\\\\\\\\\\\\s0\\\\\\\\\\\\\\\\s5\\\\s1\\\\\\\\sHA\\\\\\\\s0\\\\\\\\\\\\\\\\s2\\\\\\\\\\\\\\\\s0\\\\\\\\\\\\\\\\s5\\\\\\\\s0\\\\\\\\\\\\\\\\s2\\\\\\\\\\\\\\\\s0\\\\\\\\\\\\\\\\s5\\\\s0\\\\\\\\s2\\\\\\\\s0\\\\\\\\s5\s0\\s0\\s40\\s5\\s0\\s0\\s0.5\s0\\s0\s0\\s0\s0\\s0\s1\\sFA4\\s1\\\\sHA\\\\s0\\\\\\\\s2\\\\\\\\s0\\\\\\\\s5\\\\s0\\\\\\\\s2\\\\\\\\s0\\\\\\\\s5\\s1\\\\sFA\\\\s1\\\\\\\\sHA\\\\\\\\s0\\\\\\\\\\\\\\\\s2\\\\\\\\\\\\\\\\s0\\\\\\\\\\\\\\\\s5\\\\\\\\s0\\\\\\\\\\\\\\\\s2\\\\\\\\\\\\\\\\s0\\\\\\\\\\\\\\\\s5\\\\s1\\\\\\\\sHA\\\\\\\\s0\\\\\\\\\\\\\\\\s2\\\\\\\\\\\\\\\\s0\\\\\\\\\\\\\\\\s5\\\\\\\\s0\\\\\\\\\\\\\\\\s2\\\\\\\\\\\\\\\\s0\\\\\\\\\\\\\\\\s5\\\\s0\\\\\\\\s2\\\\\\\\s0\\\\\\\\s5\\s1\\\\sFA\\\\s1\\\\\\\\sHA\\\\\\\\s0\\\\\\\\\\\\\\\\s2\\\\\\\\\\\\\\\\s0\\\\\\\\\\\\\\\\s5\\\\\\\\s0\\\\\\\\\\\\\\\\s2\\\\\\\\\\\\\\\\s0\\\\\\\\\\\\\\\\s5\\\\s1\\\\\\\\sHA\\\\\\\\s0\\\\\\\\\\\\\\\\s2\\\\\\\\\\\\\\\\s0\\\\\\\\\\\\\\\\s5\\\\\\\\s0\\\\\\\\\\\\\\\\s2\\\\\\\\\\\\\\\\s0\\\\\\\\\\\\\\\\s5\\\\s0\\\\\\\\s2\\\\\\\\s0\\\\\\\\s5\\s1\\\\sFA\\\\s1\\\\\\\\sHA\\\\\\\\s0\\\\\\\\\\\\\\\\s2\\\\\\\\\\\\\\\\s0\\\\\\\\\\\\\\\\s5\\\\\\\\s0\\\\\\\\\\\\\\\\s2\\\\\\\\\\\\\\\\s0\\\\\\\\\\\\\\\\s5\\\\s1\\\\\\\\sHA\\\\\\\\s0\\\\\\\\\\\\\\\\s2\\\\\\\\\\\\\\\\s0\\\\\\\\\\\\\\\\s5\\\\\\\\s0\\\\\\\\\\\\\\\\s2\\\\\\\\\\\\\\\\s0\\\\\\\\\\\\\\\\s5\\\\s0\\\\\\\\s2\\\\\\\\s0\\\\\\\\s5\s0\\s0.5\\s5\s0\\s0.5\\s5\s0\\s0.5\\s5\s0\\s0.5\\s5 1\sand_4bit\s0\\s2\\s0\\s5\s0\\s2\\s0\\s5\s0\\s2\\s0\\s5\s0\\s2\\s0\\s5 1\sor_4bit\s0\\s2\\s0\\s5\s0\\s2\\s0\\s5\s0\\s2\\s0\\s5\s0\\s2\\s0\\s5 0\s2\s0\s5 0\s2\s0\s5 0\s2\s0\s5 0\s2\s0\s5
