$ 1 0.000005 10.20027730826997 50 5 50 5e-11
. SW2 0 2 4 6 00 3 0 3 01 5 1 3 10 8 2 3 11 7 3 3 A 4 0 2 B 6 1 2 AndGateElm\s1\s2\s3\rAndGateElm\s1\s4\s5\rAndGateElm\s6\s4\s7\rAndGateElm\s6\s2\s8\rInverterElm\s4\s2\rInverterElm\s6\s1 0\\s2\\s5\\s5\s0\\s2\\s0\\s5\s0\\s2\\s0\\s5\s0\\s2\\s0\\s5\s0\\s0.5\\s5\s0\\s0.5\\s5
. SW4 0 2 16 20 0 15 0 3 1 1 1 3 10 33 10 3 11 35 11 3 12 37 12 3 13 39 13 3 14 41 14 3 15 19 15 3 2 13 2 3 3 11 3 3 4 17 4 3 5 21 5 3 6 23 6 3 7 25 7 3 8 27 8 3 9 31 9 3 A 3 0 2 B 5 1 2 C 7 2 2 D 9 3 2 AndGateElm\s29\s30\s15\rCustomCompositeElm\s30\s43\s44\s45\s3\s5\rCustomCompositeElm\s29\s48\s49\s50\s7\s9\rAndGateElm\s29\s43\s1\rAndGateElm\s29\s45\s11\rAndGateElm\s29\s44\s13\rAndGateElm\s48\s44\s23\rAndGateElm\s48\s45\s25\rAndGateElm\s48\s43\s21\rAndGateElm\s48\s30\s17\rAndGateElm\s50\s30\s37\rAndGateElm\s50\s43\s39\rAndGateElm\s50\s45\s19\rAndGateElm\s50\s44\s41\rAndGateElm\s49\s44\s33\rAndGateElm\s49\s45\s35\rAndGateElm\s49\s43\s31\rAndGateElm\s49\s30\s27 0\\s2\\s5\\s5\s1\\sSW2\\s0\\\\s2\\\\s5\\\\s5\\s0\\\\s2\\\\s0\\\\s5\\s0\\\\s2\\\\s0\\\\s5\\s0\\\\s2\\\\s0\\\\s5\\s0\\\\s0.5\\\\s5\\s0\\\\s0.5\\\\s5\s1\\sSW2\\s0\\\\s2\\\\s5\\\\s5\\s0\\\\s2\\\\s0\\\\s5\\s0\\\\s2\\\\s0\\\\s5\\s0\\\\s2\\\\s0\\\\s5\\s0\\\\s0.5\\\\s5\\s0\\\\s0.5\\\\s5\s0\\s2\\s0\\s5\s0\\s2\\s0\\s5\s0\\s2\\s0\\s5\s0\\s2\\s0\\s5\s0\\s2\\s0\\s5\s0\\s2\\s0\\s5\s0\\s2\\s0\\s5\s0\\s2\\s0\\s5\s0\\s2\\s0\\s5\s0\\s2\\s0\\s5\s0\\s2\\s0\\s5\s0\\s2\\s0\\s5\s0\\s2\\s0\\s5\s0\\s2\\s0\\s5\s0\\s2\\s0\\s5
410 -96 -1632 16 -1472 1 SW4 0\s2\s0\s5 1\sSW2\s0\\s2\\s0\\s5\s0\\s2\\s0\\s5\s0\\s2\\s0\\s5\s0\\s2\\s0\\s5\s0\\s0.5\\s5\s0\\s0.5\\s5 1\sSW2\s0\\s2\\s0\\s5\s0\\s2\\s0\\s5\s0\\s2\\s0\\s5\s0\\s2\\s0\\s5\s0\\s0.5\\s5\s0\\s0.5\\s5 0\s2\s0\s5 0\s2\s0\s5 0\s2\s0\s5 0\s2\s0\s5 0\s2\s0\s5 0\s2\s0\s5 0\s2\s0\s5 0\s2\s0\s5 0\s2\s0\s5 0\s2\s0\s5 0\s2\s0\s5 0\s2\s0\s5 0\s2\s0\s5 0\s2\s0\s5 0\s2\s0\s5
207 0 -1600 80 -1600 5 add
207 0 -1568 80 -1568 5 sub
207 0 -1504 80 -1504 5 or
207 0 -1536 80 -1536 5 and
207 0 -1408 80 -1408 5 sra
207 0 -1376 80 -1376 5 ldl
207 0 -1440 80 -1440 5 sr
207 0 -1472 80 -1472 5 sl
207 0 -1216 80 -1216 5 ld
207 0 -1344 80 -1344 5 ldh
152 2592 -1616 2848 -1616 0 10 0 5
150 1552 -1952 1680 -1952 0 2 0 5
150 1552 -1888 1680 -1888 0 2 0 5
150 1552 -1760 1680 -1760 0 2 0 5
150 1552 -1824 1680 -1824 0 2 0 5
150 1552 -1568 1680 -1568 0 2 0 5
150 1552 -1504 1680 -1504 0 2 0 5
150 1552 -1632 1680 -1632 0 2 0 5
150 1552 -1696 1680 -1696 0 2 0 5
150 1552 -1376 1680 -1376 0 2 0 5
150 1552 -1440 1680 -1440 0 2 0 5
207 1552 -1936 1488 -1936 5 add
207 1552 -1872 1488 -1872 5 sub
207 1552 -1744 1488 -1744 5 or
207 1552 -1808 1488 -1808 5 and
207 1552 -1680 1488 -1680 5 sl
207 1552 -1616 1488 -1616 5 sr
207 1552 -1360 1488 -1360 5 ld
207 1552 -1424 1488 -1424 5 ldh
207 1552 -1552 1488 -1552 5 sra
207 1552 -1488 1488 -1488 5 ldl
207 2592 -1696 2512 -1696 5 R0_add
207 2592 -1680 2512 -1680 5 R0_sub
207 2592 -1648 2512 -1648 5 R0_or
207 2592 -1664 2512 -1664 5 R0_and
207 2592 -1568 2512 -1568 5 R0_ldl
207 2592 -1552 2512 -1552 5 R0_ldh
207 2592 -1584 2512 -1584 5 R0_sra
207 2592 -1600 2512 -1600 5 R0_sr
207 2592 -1632 2512 -1632 5 R0_sl
207 2592 -1536 2512 -1536 5 R0_ld
207 2848 -1616 2928 -1616 4 R0
207 2592 -1344 2512 -1344 5 R1_ld
207 2592 -1440 2512 -1440 5 R1_sl
207 2592 -1408 2512 -1408 5 R1_sr
207 2592 -1392 2512 -1392 5 R1_sra
207 2592 -1360 2512 -1360 5 R1_ldh
207 2592 -1376 2512 -1376 5 R1_ldl
207 2592 -1472 2512 -1472 5 R1_and
207 2592 -1456 2512 -1456 5 R1_or
207 2592 -1488 2512 -1488 5 R1_sub
207 2592 -1504 2512 -1504 5 R1_add
152 2592 -1424 2848 -1424 0 10 0 5
152 2592 -1040 2848 -1040 0 10 0 5
207 2592 -1120 2512 -1120 5 R3_add
207 2592 -1104 2512 -1104 5 R3_sub
207 2592 -1072 2512 -1072 5 R3_or
207 2592 -1088 2512 -1088 5 R3_and
207 2592 -992 2512 -992 5 R3_ldl
207 2592 -976 2512 -976 5 R3_ldh
207 2592 -1008 2512 -1008 5 R3_sra
207 2592 -1024 2512 -1024 5 R3_sr
207 2592 -1056 2512 -1056 5 R3_sl
207 2592 -960 2512 -960 5 R3_ld
207 2848 -1232 2928 -1232 4 R2
207 2592 -1152 2512 -1152 5 R2_ld
207 2592 -1248 2512 -1248 5 R2_sl
207 2592 -1216 2512 -1216 5 R2_sr
207 2592 -1200 2512 -1200 5 R2_sra
207 2592 -1168 2512 -1168 5 R2_ldh
207 2592 -1184 2512 -1184 5 R2_ldl
207 2592 -1280 2512 -1280 5 R2_and
207 2592 -1264 2512 -1264 5 R2_or
207 2592 -1296 2512 -1296 5 R2_sub
207 2592 -1312 2512 -1312 5 R2_add
152 2592 -1232 2848 -1232 0 10 0 5
207 2848 -1424 2928 -1424 4 R1
207 2848 -1040 2928 -1040 4 R3
207 1680 -1376 1776 -1376 5 R0_ld
207 1680 -1696 1776 -1696 5 R0_sl
207 1680 -1632 1776 -1632 5 R0_sr
207 1680 -1568 1776 -1568 5 R0_sra
207 1680 -1440 1776 -1440 5 R0_ldh
207 1680 -1504 1776 -1504 5 R0_ldl
207 1680 -1824 1776 -1824 5 R0_and
207 1680 -1760 1776 -1760 5 R0_or
207 1680 -1888 1776 -1888 5 R0_sub
207 1680 -1952 1776 -1952 5 R0_add
207 2224 -1968 2320 -1968 5 R1_add
207 2224 -1904 2320 -1904 5 R1_sub
207 2224 -1776 2320 -1776 5 R1_or
207 2224 -1840 2320 -1840 5 R1_and
207 2224 -1520 2320 -1520 5 R1_ldl
207 2224 -1456 2320 -1456 5 R1_ldh
207 2224 -1584 2320 -1584 5 R1_sra
207 2224 -1648 2320 -1648 5 R1_sr
207 2224 -1712 2320 -1712 5 R1_sl
207 2224 -1392 2320 -1392 5 R1_ld
150 2096 -1456 2224 -1456 0 2 0 5
150 2096 -1392 2224 -1392 0 2 0 5
150 2096 -1712 2224 -1712 0 2 0 5
150 2096 -1648 2224 -1648 0 2 0 5
150 2096 -1520 2224 -1520 0 2 0 5
150 2096 -1584 2224 -1584 0 2 0 5
150 2096 -1840 2224 -1840 0 2 0 5
150 2096 -1776 2224 -1776 0 2 0 5
150 2096 -1904 2224 -1904 0 2 0 5
150 2096 -1968 2224 -1968 0 2 0 5
150 1552 -1152 1680 -1152 0 2 0 5
150 1552 -1088 1680 -1088 0 2 0 5
150 1552 -960 1680 -960 0 2 0 5
150 1552 -1024 1680 -1024 0 2 0 5
150 1552 -768 1680 -768 0 2 0 5
150 1552 -704 1680 -704 0 2 0 5
150 1552 -832 1680 -832 0 2 0 5
150 1552 -896 1680 -896 0 2 0 5
150 1552 -576 1680 -576 0 2 0 5
150 1552 -640 1680 -640 0 2 0 5
207 1680 -576 1776 -576 5 R2_ld
207 1680 -896 1776 -896 5 R2_sl
207 1680 -832 1776 -832 5 R2_sr
207 1680 -768 1776 -768 5 R2_sra
207 1680 -640 1776 -640 5 R2_ldh
207 1680 -704 1776 -704 5 R2_ldl
207 1680 -1024 1776 -1024 5 R2_and
207 1680 -960 1776 -960 5 R2_or
207 1680 -1088 1776 -1088 5 R2_sub
207 1680 -1152 1776 -1152 5 R2_add
150 2096 -1136 2224 -1136 0 2 0 5
150 2096 -1072 2224 -1072 0 2 0 5
150 2096 -944 2224 -944 0 2 0 5
150 2096 -1008 2224 -1008 0 2 0 5
150 2096 -752 2224 -752 0 2 0 5
150 2096 -688 2224 -688 0 2 0 5
150 2096 -816 2224 -816 0 2 0 5
150 2096 -880 2224 -880 0 2 0 5
150 2096 -560 2224 -560 0 2 0 5
150 2096 -624 2224 -624 0 2 0 5
207 2224 -560 2320 -560 5 R3_ld
207 2224 -880 2320 -880 5 R3_sl
207 2224 -816 2320 -816 5 R3_sr
207 2224 -752 2320 -752 5 R3_sra
207 2224 -624 2320 -624 5 R3_ldh
207 2224 -688 2320 -688 5 R3_ldl
207 2224 -1008 2320 -1008 5 R3_and
207 2224 -944 2320 -944 5 R3_or
207 2224 -1072 2320 -1072 5 R3_sub
207 2224 -1136 2320 -1136 5 R3_add
. HA 0 2 2 4 A 2 0 2 B 1 1 2 CO 3 0 3 S 4 1 3 AndGateElm\s1\s2\s3\rXorGateElm\s1\s2\s4 0\\s2\\s0\\s5\s0\\s2\\s0\\s5
. FA 0 2 3 5 A 1 0 2 B 2 1 2 C 5 2 2 CO 8 0 3 S 7 1 3 CustomCompositeElm\s1\s2\s3\s4\rCustomCompositeElm\s4\s5\s6\s7\rOrGateElm\s6\s3\s8 1\\sHA\\s0\\\\s2\\\\s0\\\\s5\\s0\\\\s2\\\\s0\\\\s5\s1\\sHA\\s0\\\\s2\\\\s0\\\\s5\\s0\\\\s2\\\\s0\\\\s5\s0\\s2\\s0\\s5
. FA4 0 2 8 13 A0 16 0 2 A1 12 1 2 A2 8 2 2 A3 4 3 2 B0 18 4 2 B1 14 5 2 B2 10 6 2 B3 6 7 2 CO 28 7 3 S0 20 0 3 S1 22 1 3 S2 24 2 3 S3 26 3 3 CustomCompositeElm\s16\s18\s1\s20\rCustomCompositeElm\s4\s6\s3\s28\s26\rCustomCompositeElm\s8\s10\s2\s3\s24\rCustomCompositeElm\s12\s14\s1\s2\s22 1\\sHA\\s0\\\\s2\\\\s0\\\\s5\\s0\\\\s2\\\\s0\\\\s5\s1\\sFA\\s1\\\\sHA\\\\s0\\\\\\\\s2\\\\\\\\s0\\\\\\\\s5\\\\s0\\\\\\\\s2\\\\\\\\s0\\\\\\\\s5\\s1\\\\sHA\\\\s0\\\\\\\\s2\\\\\\\\s0\\\\\\\\s5\\\\s0\\\\\\\\s2\\\\\\\\s0\\\\\\\\s5\\s0\\\\s2\\\\s0\\\\s5\s1\\sFA\\s1\\\\sHA\\\\s0\\\\\\\\s2\\\\\\\\s0\\\\\\\\s5\\\\s0\\\\\\\\s2\\\\\\\\s0\\\\\\\\s5\\s1\\\\sHA\\\\s0\\\\\\\\s2\\\\\\\\s0\\\\\\\\s5\\\\s0\\\\\\\\s2\\\\\\\\s0\\\\\\\\s5\\s0\\\\s2\\\\s0\\\\s5\s1\\sFA\\s1\\\\sHA\\\\s0\\\\\\\\s2\\\\\\\\s0\\\\\\\\s5\\\\s0\\\\\\\\s2\\\\\\\\s0\\\\\\\\s5\\s1\\\\sHA\\\\s0\\\\\\\\s2\\\\\\\\s0\\\\\\\\s5\\\\s0\\\\\\\\s2\\\\\\\\s0\\\\\\\\s5\\s0\\\\s2\\\\s0\\\\s5
410 544 -1680 608 -1616 1 FA4 1\sHA\s0\\s2\\s0\\s5\s0\\s2\\s0\\s5 1\sFA\s1\\sHA\\s0\\\\s2\\\\s0\\\\s5\\s0\\\\s2\\\\s0\\\\s5\s1\\sHA\\s0\\\\s2\\\\s0\\\\s5\\s0\\\\s2\\\\s0\\\\s5\s0\\s2\\s0\\s5 1\sFA\s1\\sHA\\s0\\\\s2\\\\s0\\\\s5\\s0\\\\s2\\\\s0\\\\s5\s1\\sHA\\s0\\\\s2\\\\s0\\\\s5\\s0\\\\s2\\\\s0\\\\s5\s0\\s2\\s0\\s5 1\sFA\s1\\sHA\\s0\\\\s2\\\\s0\\\\s5\\s0\\\\s2\\\\s0\\\\s5\s1\\sHA\\s0\\\\s2\\\\s0\\\\s5\\s0\\\\s2\\\\s0\\\\s5\s0\\s2\\s0\\s5
207 544 -1680 464 -1680 4 A0
207 544 -1648 464 -1648 4 A1
207 544 -1616 464 -1616 4 A2
207 544 -1520 464 -1520 4 B1
207 544 -1552 464 -1552 4 B0
207 544 -1584 464 -1584 4 A3
207 544 -1488 464 -1488 4 B2
207 544 -1456 464 -1456 4 B3
207 1552 -1520 1488 -1520 4 D0
207 1552 -1584 1488 -1584 4 A1
207 1552 -1456 1488 -1456 4 A0
207 1552 -1392 1488 -1392 4 M0
207 1552 -1648 1488 -1648 4 A1
207 1552 -1840 1488 -1840 5 and_0
207 1552 -1776 1488 -1776 5 or_0
207 1552 -1904 1488 -1904 5 sub_0
207 1552 -1968 1488 -1968 5 add_0
207 2096 -1984 2032 -1984 5 add_1
207 2096 -1920 2032 -1920 5 sub_1
207 2096 -1792 2032 -1792 5 or_1
207 2096 -1856 2032 -1856 5 and_1
207 2096 -1728 2032 -1728 4 A0
207 2096 -1664 2032 -1664 4 A2
207 2096 -1408 2032 -1408 4 M1
207 2096 -1472 2032 -1472 4 A1
207 2096 -1600 2032 -1600 4 A2
207 2096 -1536 2032 -1536 4 D1
207 2096 -1504 2032 -1504 5 ldl
207 2096 -1568 2032 -1568 5 sra
207 2096 -1440 2032 -1440 5 ldh
207 2096 -1376 2032 -1376 5 ld
207 2096 -1632 2032 -1632 5 sr
207 2096 -1696 2032 -1696 5 sl
207 2096 -1824 2032 -1824 5 and
207 2096 -1760 2032 -1760 5 or
207 2096 -1888 2032 -1888 5 sub
207 2096 -1952 2032 -1952 5 add
207 2096 -1120 2032 -1120 5 add
207 2096 -1056 2032 -1056 5 sub
207 2096 -928 2032 -928 5 or
207 2096 -992 2032 -992 5 and
207 2096 -864 2032 -864 5 sl
207 2096 -800 2032 -800 5 sr
207 2096 -544 2032 -544 5 ld
207 2096 -608 2032 -608 5 ldh
207 2096 -736 2032 -736 5 sra
207 2096 -672 2032 -672 5 ldl
207 2096 -704 2032 -704 4 A3
207 2096 -768 2032 -768 4 A3
207 2096 -640 2032 -640 4 D1
207 2096 -576 2032 -576 4 M3
207 2096 -896 2032 -896 4 A2
207 2096 -1024 2032 -1024 5 and_3
207 2096 -960 2032 -960 5 or_3
207 2096 -1088 2032 -1088 5 sub_3
207 2096 -1152 2032 -1152 5 add_3
207 1552 -1168 1488 -1168 5 add_2
207 1552 -1104 1488 -1104 5 sub_2
207 1552 -976 1488 -976 5 or_2
207 1552 -1040 1488 -1040 5 and_2
207 1552 -912 1488 -912 4 A1
207 1552 -848 1488 -848 4 A3
207 1552 -592 1488 -592 4 M2
207 1552 -656 1488 -656 4 D0
207 1552 -784 1488 -784 4 A3
207 1552 -720 1488 -720 4 A2
207 1552 -688 1488 -688 5 ldl
207 1552 -752 1488 -752 5 sra
207 1552 -624 1488 -624 5 ldh
207 1552 -560 1488 -560 5 ld
207 1552 -816 1488 -816 5 sr
207 1552 -880 1488 -880 5 sl
207 1552 -1008 1488 -1008 5 and
207 1552 -944 1488 -944 5 or
207 1552 -1072 1488 -1072 5 sub
207 1552 -1136 1488 -1136 5 add
g 2096 -832 2048 -832 0 0
g 1552 -1712 1488 -1712 0 0
207 640 -1680 736 -1680 5 add_0
207 640 -1648 736 -1648 5 add_1
207 640 -1584 736 -1584 5 add_3
207 640 -1616 736 -1616 5 add_2
. SUB 0 2 8 12 A0 34 0 2 A1 35 1 2 A2 36 2 2 A3 37 3 2 B0 26 4 2 B1 28 5 2 B2 32 6 2 B3 30 7 2 S0 39 0 3 S1 40 1 3 S2 41 2 3 S3 42 3 3 CustomCompositeElm\s1\s2\s3\s4\s5\s6\s7\s8\s9\s10\s11\s12\s13\rRailElm\s5\rGroundElm\s6\rGroundElm\s7\rGroundElm\s8\rCustomCompositeElm\s34\s35\s36\s37\s10\s11\s12\s13\s38\s39\s40\s41\s42\rInverterElm\s26\s1\rInverterElm\s28\s2\rInverterElm\s30\s4\rInverterElm\s32\s3 1\\sFA4\\s1\\\\sHA\\\\s0\\\\\\\\s2\\\\\\\\s0\\\\\\\\s5\\\\s0\\\\\\\\s2\\\\\\\\s0\\\\\\\\s5\\s1\\\\sFA\\\\s1\\\\\\\\sHA\\\\\\\\s0\\\\\\\\\\\\\\\\s2\\\\\\\\\\\\\\\\s0\\\\\\\\\\\\\\\\s5\\\\\\\\s0\\\\\\\\\\\\\\\\s2\\\\\\\\\\\\\\\\s0\\\\\\\\\\\\\\\\s5\\\\s1\\\\\\\\sHA\\\\\\\\s0\\\\\\\\\\\\\\\\s2\\\\\\\\\\\\\\\\s0\\\\\\\\\\\\\\\\s5\\\\\\\\s0\\\\\\\\\\\\\\\\s2\\\\\\\\\\\\\\\\s0\\\\\\\\\\\\\\\\s5\\\\s0\\\\\\\\s2\\\\\\\\s0\\\\\\\\s5\\s1\\\\sFA\\\\s1\\\\\\\\sHA\\\\\\\\s0\\\\\\\\\\\\\\\\s2\\\\\\\\\\\\\\\\s0\\\\\\\\\\\\\\\\s5\\\\\\\\s0\\\\\\\\\\\\\\\\s2\\\\\\\\\\\\\\\\s0\\\\\\\\\\\\\\\\s5\\\\s1\\\\\\\\sHA\\\\\\\\s0\\\\\\\\\\\\\\\\s2\\\\\\\\\\\\\\\\s0\\\\\\\\\\\\\\\\s5\\\\\\\\s0\\\\\\\\\\\\\\\\s2\\\\\\\\\\\\\\\\s0\\\\\\\\\\\\\\\\s5\\\\s0\\\\\\\\s2\\\\\\\\s0\\\\\\\\s5\\s1\\\\sFA\\\\s1\\\\\\\\sHA\\\\\\\\s0\\\\\\\\\\\\\\\\s2\\\\\\\\\\\\\\\\s0\\\\\\\\\\\\\\\\s5\\\\\\\\s0\\\\\\\\\\\\\\\\s2\\\\\\\\\\\\\\\\s0\\\\\\\\\\\\\\\\s5\\\\s1\\\\\\\\sHA\\\\\\\\s0\\\\\\\\\\\\\\\\s2\\\\\\\\\\\\\\\\s0\\\\\\\\\\\\\\\\s5\\\\\\\\s0\\\\\\\\\\\\\\\\s2\\\\\\\\\\\\\\\\s0\\\\\\\\\\\\\\\\s5\\\\s0\\\\\\\\s2\\\\\\\\s0\\\\\\\\s5\s0\\s0\\s40\\s5\\s0\\s0\\s0.5\s0\\s0\s0\\s0\s0\\s0\s1\\sFA4\\s1\\\\sHA\\\\s0\\\\\\\\s2\\\\\\\\s0\\\\\\\\s5\\\\s0\\\\\\\\s2\\\\\\\\s0\\\\\\\\s5\\s1\\\\sFA\\\\s1\\\\\\\\sHA\\\\\\\\s0\\\\\\\\\\\\\\\\s2\\\\\\\\\\\\\\\\s0\\\\\\\\\\\\\\\\s5\\\\\\\\s0\\\\\\\\\\\\\\\\s2\\\\\\\\\\\\\\\\s0\\\\\\\\\\\\\\\\s5\\\\s1\\\\\\\\sHA\\\\\\\\s0\\\\\\\\\\\\\\\\s2\\\\\\\\\\\\\\\\s0\\\\\\\\\\\\\\\\s5\\\\\\\\s0\\\\\\\\\\\\\\\\s2\\\\\\\\\\\\\\\\s0\\\\\\\\\\\\\\\\s5\\\\s0\\\\\\\\s2\\\\\\\\s0\\\\\\\\s5\\s1\\\\sFA\\\\s1\\\\\\\\sHA\\\\\\\\s0\\\\\\\\\\\\\\\\s2\\\\\\\\\\\\\\\\s0\\\\\\\\\\\\\\\\s5\\\\\\\\s0\\\\\\\\\\\\\\\\s2\\\\\\\\\\\\\\\\s0\\\\\\\\\\\\\\\\s5\\\\s1\\\\\\\\sHA\\\\\\\\s0\\\\\\\\\\\\\\\\s2\\\\\\\\\\\\\\\\s0\\\\\\\\\\\\\\\\s5\\\\\\\\s0\\\\\\\\\\\\\\\\s2\\\\\\\\\\\\\\\\s0\\\\\\\\\\\\\\\\s5\\\\s0\\\\\\\\s2\\\\\\\\s0\\\\\\\\s5\\s1\\\\sFA\\\\s1\\\\\\\\sHA\\\\\\\\s0\\\\\\\\\\\\\\\\s2\\\\\\\\\\\\\\\\s0\\\\\\\\\\\\\\\\s5\\\\\\\\s0\\\\\\\\\\\\\\\\s2\\\\\\\\\\\\\\\\s0\\\\\\\\\\\\\\\\s5\\\\s1\\\\\\\\sHA\\\\\\\\s0\\\\\\\\\\\\\\\\s2\\\\\\\\\\\\\\\\s0\\\\\\\\\\\\\\\\s5\\\\\\\\s0\\\\\\\\\\\\\\\\s2\\\\\\\\\\\\\\\\s0\\\\\\\\\\\\\\\\s5\\\\s0\\\\\\\\s2\\\\\\\\s0\\\\\\\\s5\s0\\s0.5\\s5\s0\\s0.5\\s5\s0\\s0.5\\s5\s0\\s0.5\\s5
410 960 -1680 1008 -1648 1 SUB 1\sFA4\s1\\sHA\\s0\\\\s2\\\\s0\\\\s5\\s0\\\\s2\\\\s0\\\\s5\s1\\sFA\\s1\\\\sHA\\\\s0\\\\\\\\s2\\\\\\\\s0\\\\\\\\s5\\\\s0\\\\\\\\s2\\\\\\\\s0\\\\\\\\s5\\s1\\\\sHA\\\\s0\\\\\\\\s2\\\\\\\\s0\\\\\\\\s5\\\\s0\\\\\\\\s2\\\\\\\\s0\\\\\\\\s5\\s0\\\\s2\\\\s0\\\\s5\s1\\sFA\\s1\\\\sHA\\\\s0\\\\\\\\s2\\\\\\\\s0\\\\\\\\s5\\\\s0\\\\\\\\s2\\\\\\\\s0\\\\\\\\s5\\s1\\\\sHA\\\\s0\\\\\\\\s2\\\\\\\\s0\\\\\\\\s5\\\\s0\\\\\\\\s2\\\\\\\\s0\\\\\\\\s5\\s0\\\\s2\\\\s0\\\\s5\s1\\sFA\\s1\\\\sHA\\\\s0\\\\\\\\s2\\\\\\\\s0\\\\\\\\s5\\\\s0\\\\\\\\s2\\\\\\\\s0\\\\\\\\s5\\s1\\\\sHA\\\\s0\\\\\\\\s2\\\\\\\\s0\\\\\\\\s5\\\\s0\\\\\\\\s2\\\\\\\\s0\\\\\\\\s5\\s0\\\\s2\\\\s0\\\\s5 0\s0\s40\s5\s0\s0\s0.5 0\s0 0\s0 0\s0 1\sFA4\s1\\sHA\\s0\\\\s2\\\\s0\\\\s5\\s0\\\\s2\\\\s0\\\\s5\s1\\sFA\\s1\\\\sHA\\\\s0\\\\\\\\s2\\\\\\\\s0\\\\\\\\s5\\\\s0\\\\\\\\s2\\\\\\\\s0\\\\\\\\s5\\s1\\\\sHA\\\\s0\\\\\\\\s2\\\\\\\\s0\\\\\\\\s5\\\\s0\\\\\\\\s2\\\\\\\\s0\\\\\\\\s5\\s0\\\\s2\\\\s0\\\\s5\s1\\sFA\\s1\\\\sHA\\\\s0\\\\\\\\s2\\\\\\\\s0\\\\\\\\s5\\\\s0\\\\\\\\s2\\\\\\\\s0\\\\\\\\s5\\s1\\\\sHA\\\\s0\\\\\\\\s2\\\\\\\\s0\\\\\\\\s5\\\\s0\\\\\\\\s2\\\\\\\\s0\\\\\\\\s5\\s0\\\\s2\\\\s0\\\\s5\s1\\sFA\\s1\\\\sHA\\\\s0\\\\\\\\s2\\\\\\\\s0\\\\\\\\s5\\\\s0\\\\\\\\s2\\\\\\\\s0\\\\\\\\s5\\s1\\\\sHA\\\\s0\\\\\\\\s2\\\\\\\\s0\\\\\\\\s5\\\\s0\\\\\\\\s2\\\\\\\\s0\\\\\\\\s5\\s0\\\\s2\\\\s0\\\\s5 0\s0.5\s5 0\s0.5\s5 0\s0.5\s5 0\s0.5\s5
207 960 -1456 880 -1456 4 B3
207 960 -1488 880 -1488 4 B2
207 960 -1584 880 -1584 4 A3
207 960 -1552 880 -1552 4 B0
207 960 -1520 880 -1520 4 B1
207 960 -1616 880 -1616 4 A2
207 960 -1648 880 -1648 4 A1
207 960 -1680 880 -1680 4 A0
207 1056 -1616 1152 -1616 5 sub_2
207 1056 -1584 1152 -1584 5 sub_3
207 1056 -1648 1152 -1648 5 sub_1
207 1056 -1680 1152 -1680 5 sub_0
. and_4bit 0 2 8 12 A0 2 0 2 A1 11 1 2 A2 23 2 2 A3 14 3 2 B0 1 4 2 B1 9 5 2 B2 21 6 2 B3 13 7 2 S0 3 0 3 S1 7 1 3 S2 19 2 3 S3 15 3 3 AndGateElm\s1\s2\s3\rAndGateElm\s9\s11\s7\rAndGateElm\s13\s14\s15\rAndGateElm\s21\s23\s19 0\\s2\\s0\\s5\s0\\s2\\s0\\s5\s0\\s2\\s0\\s5\s0\\s2\\s0\\s5
410 544 -1280 544 -1248 1 and_4bit 0\s2\s0\s5 0\s2\s0\s5 0\s2\s0\s5 0\s2\s0\s5
207 544 -1056 464 -1056 4 B3
207 544 -1088 464 -1088 4 B2
207 544 -1184 464 -1184 4 A3
207 544 -1152 464 -1152 4 B0
207 544 -1120 464 -1120 4 B1
207 544 -1216 464 -1216 4 A2
207 544 -1248 464 -1248 4 A1
207 544 -1280 464 -1280 4 A0
207 640 -1216 736 -1216 5 and_2
207 640 -1184 736 -1184 5 and_3
207 640 -1248 736 -1248 5 and_1
207 640 -1280 736 -1280 5 and_0
. or_4bit 0 2 8 12 A0 1 0 2 A1 11 1 2 A2 23 2 2 A3 13 3 2 B0 3 4 2 B1 9 5 2 B2 21 6 2 B3 15 7 2 S0 5 0 3 S1 7 1 3 S2 19 2 3 S3 17 3 3 OrGateElm\s3\s1\s5\rOrGateElm\s9\s11\s7\rOrGateElm\s15\s13\s17\rOrGateElm\s21\s23\s19 0\\s2\\s0\\s5\s0\\s2\\s0\\s5\s0\\s2\\s0\\s5\s0\\s2\\s0\\s5
410 960 -1296 976 -1232 1 or_4bit 0\s2\s0\s5 0\s2\s0\s5 0\s2\s0\s5 0\s2\s0\s5
207 960 -1296 880 -1296 4 A0
207 960 -1264 880 -1264 4 A1
207 960 -1232 880 -1232 4 A2
207 960 -1136 880 -1136 4 B1
207 960 -1168 880 -1168 4 B0
207 960 -1200 880 -1200 4 A3
207 960 -1104 880 -1104 4 B2
207 960 -1072 880 -1072 4 B3
207 1056 -1296 1152 -1296 5 or_0
207 1056 -1264 1152 -1264 5 or_1
207 1056 -1200 1152 -1200 5 or_3
207 1056 -1232 1152 -1232 5 or_2
207 -96 -1632 -176 -1632 4 OP0
207 -96 -1600 -176 -1600 4 OP1
207 -96 -1536 -176 -1536 4 OP3
207 -96 -1568 -176 -1568 4 OP2
. ALU_MUX 0 2 18 22 A0 251 6 2 A1 252 7 2 A2 253 8 2 A3 254 9 2 B0 255 10 2 B1 256 11 2 B2 257 12 2 B3 258 13 2 D0 70 4 2 D1 180 5 2 M0 79 14 2 M1 174 15 2 M2 216 16 2 M3 246 17 2 OP0 17 0 2 OP1 18 1 2 OP2 19 2 2 OP3 20 3 2 R0 53 0 3 R1 115 1 3 R2 137 2 3 R3 126 3 3 CustomCompositeElm\s1\s2\s3\s4\s5\s6\s7\s8\s9\s10\s11\s12\s13\s14\s15\s16\s17\s18\s19\s20\rOrGateElm\s43\s44\s45\s46\s47\s48\s49\s50\s51\s52\s53\rAndGateElm\s2\s55\s52\rAndGateElm\s9\s58\s51\rAndGateElm\s11\s61\s49\rAndGateElm\s10\s64\s50\rAndGateElm\s14\s252\s46\rAndGateElm\s15\s70\s45\rAndGateElm\s13\s252\s47\rAndGateElm\s12\s76\s48\rAndGateElm\s6\s79\s43\rAndGateElm\s16\s251\s44\rOrGateElm\s95\s103\s105\s101\s99\s97\s109\s107\s111\s113\s115\rOrGateElm\s116\s117\s118\s119\s120\s121\s122\s123\s124\s125\s126\rOrGateElm\s139\s147\s149\s145\s143\s141\s153\s151\s155\s157\s137\rAndGateElm\s16\s252\s103\rAndGateElm\s6\s174\s95\rAndGateElm\s12\s251\s97\rAndGateElm\s13\s253\s99\rAndGateElm\s15\s180\s105\rAndGateElm\s14\s253\s101\rAndGateElm\s10\s184\s107\rAndGateElm\s11\s186\s109\rAndGateElm\s9\s188\s111\rAndGateElm\s2\s190\s113\rAndGateElm\s2\s192\s157\rAndGateElm\s9\s195\s155\rAndGateElm\s11\s198\s153\rAndGateElm\s10\s201\s151\rAndGateElm\s14\s254\s145\rAndGateElm\s15\s253\s149\rAndGateElm\s13\s254\s143\rAndGateElm\s12\s252\s141\rAndGateElm\s6\s216\s139\rAndGateElm\s16\s70\s147\rAndGateElm\s2\s222\s125\rAndGateElm\s9\s225\s124\rAndGateElm\s11\s228\s122\rAndGateElm\s10\s231\s123\rAndGateElm\s14\s254\s119\rAndGateElm\s15\s254\s118\rAndGateElm\s13\s240\s120\rAndGateElm\s12\s253\s121\rAndGateElm\s6\s246\s116\rAndGateElm\s16\s180\s117\rCustomCompositeElm\s251\s252\s253\s254\s255\s256\s257\s258\s259\s55\s190\s192\s222\rGroundElm\s240\rGroundElm\s76\rCustomCompositeElm\s251\s252\s253\s254\s255\s256\s257\s258\s58\s188\s195\s225\rCustomCompositeElm\s251\s252\s253\s254\s255\s256\s257\s258\s64\s184\s201\s231\rCustomCompositeElm\s251\s252\s253\s254\s255\s256\s257\s258\s61\s186\s198\s228 1\\sSW4\\s0\\\\s2\\\\s5\\\\s5\\s1\\\\sSW2\\\\s0\\\\\\\\s2\\\\\\\\s5\\\\\\\\s5\\\\s0\\\\\\\\s2\\\\\\\\s0\\\\\\\\s5\\\\s0\\\\\\\\s2\\\\\\\\s0\\\\\\\\s5\\\\s0\\\\\\\\s2\\\\\\\\s0\\\\\\\\s5\\\\s0\\\\\\\\s0.5\\\\\\\\s5\\\\s0\\\\\\\\s0.5\\\\\\\\s5\\s1\\\\sSW2\\\\s0\\\\\\\\s2\\\\\\\\s5\\\\\\\\s5\\\\s0\\\\\\\\s2\\\\\\\\s0\\\\\\\\s5\\\\s0\\\\\\\\s2\\\\\\\\s0\\\\\\\\s5\\\\s0\\\\\\\\s2\\\\\\\\s0\\\\\\\\s5\\\\s0\\\\\\\\s0.5\\\\\\\\s5\\\\s0\\\\\\\\s0.5\\\\\\\\s5\\s0\\\\s2\\\\s0\\\\s5\\s0\\\\s2\\\\s0\\\\s5\\s0\\\\s2\\\\s0\\\\s5\\s0\\\\s2\\\\s0\\\\s5\\s0\\\\s2\\\\s0\\\\s5\\s0\\\\s2\\\\s0\\\\s5\\s0\\\\s2\\\\s0\\\\s5\\s0\\\\s2\\\\s0\\\\s5\\s0\\\\s2\\\\s0\\\\s5\\s0\\\\s2\\\\s0\\\\s5\\s0\\\\s2\\\\s0\\\\s5\\s0\\\\s2\\\\s0\\\\s5\\s0\\\\s2\\\\s0\\\\s5\\s0\\\\s2\\\\s0\\\\s5\\s0\\\\s2\\\\s0\\\\s5\s0\\s10\\s0\\s5\s0\\s2\\s0\\s5\s0\\s2\\s0\\s5\s0\\s2\\s0\\s5\s0\\s2\\s0\\s5\s0\\s2\\s0\\s5\s0\\s2\\s0\\s5\s0\\s2\\s0\\s5\s0\\s2\\s0\\s5\s0\\s2\\s0\\s5\s0\\s2\\s0\\s5\s0\\s10\\s0\\s5\s0\\s10\\s0\\s5\s0\\s10\\s0\\s5\s0\\s2\\s0\\s5\s0\\s2\\s0\\s5\s0\\s2\\s0\\s5\s0\\s2\\s0\\s5\s0\\s2\\s0\\s5\s0\\s2\\s0\\s5\s0\\s2\\s0\\s5\s0\\s2\\s0\\s5\s0\\s2\\s0\\s5\s0\\s2\\s0\\s5\s0\\s2\\s0\\s5\s0\\s2\\s0\\s5\s0\\s2\\s0\\s5\s0\\s2\\s0\\s5\s0\\s2\\s0\\s5\s0\\s2\\s0\\s5\s0\\s2\\s0\\s5\s0\\s2\\s0\\s5\s0\\s2\\s0\\s5\s0\\s2\\s0\\s5\s0\\s2\\s0\\s5\s0\\s2\\s0\\s5\s0\\s2\\s0\\s5\s0\\s2\\s0\\s5\s0\\s2\\s0\\s5\s0\\s2\\s0\\s5\s0\\s2\\s0\\s5\s0\\s2\\s0\\s5\s0\\s2\\s0\\s5\s0\\s2\\s0\\s5\s1\\sFA4\\s1\\\\sHA\\\\s0\\\\\\\\s2\\\\\\\\s0\\\\\\\\s5\\\\s0\\\\\\\\s2\\\\\\\\s0\\\\\\\\s5\\s1\\\\sFA\\\\s1\\\\\\\\sHA\\\\\\\\s0\\\\\\\\\\\\\\\\s2\\\\\\\\\\\\\\\\s0\\\\\\\\\\\\\\\\s5\\\\\\\\s0\\\\\\\\\\\\\\\\s2\\\\\\\\\\\\\\\\s0\\\\\\\\\\\\\\\\s5\\\\s1\\\\\\\\sHA\\\\\\\\s0\\\\\\\\\\\\\\\\s2\\\\\\\\\\\\\\\\s0\\\\\\\\\\\\\\\\s5\\\\\\\\s0\\\\\\\\\\\\\\\\s2\\\\\\\\\\\\\\\\s0\\\\\\\\\\\\\\\\s5\\\\s0\\\\\\\\s2\\\\\\\\s0\\\\\\\\s5\\s1\\\\sFA\\\\s1\\\\\\\\sHA\\\\\\\\s0\\\\\\\\\\\\\\\\s2\\\\\\\\\\\\\\\\s0\\\\\\\\\\\\\\\\s5\\\\\\\\s0\\\\\\\\\\\\\\\\s2\\\\\\\\\\\\\\\\s0\\\\\\\\\\\\\\\\s5\\\\s1\\\\\\\\sHA\\\\\\\\s0\\\\\\\\\\\\\\\\s2\\\\\\\\\\\\\\\\s0\\\\\\\\\\\\\\\\s5\\\\\\\\s0\\\\\\\\\\\\\\\\s2\\\\\\\\\\\\\\\\s0\\\\\\\\\\\\\\\\s5\\\\s0\\\\\\\\s2\\\\\\\\s0\\\\\\\\s5\\s1\\\\sFA\\\\s1\\\\\\\\sHA\\\\\\\\s0\\\\\\\\\\\\\\\\s2\\\\\\\\\\\\\\\\s0\\\\\\\\\\\\\\\\s5\\\\\\\\s0\\\\\\\\\\\\\\\\s2\\\\\\\\\\\\\\\\s0\\\\\\\\\\\\\\\\s5\\\\s1\\\\\\\\sHA\\\\\\\\s0\\\\\\\\\\\\\\\\s2\\\\\\\\\\\\\\\\s0\\\\\\\\\\\\\\\\s5\\\\\\\\s0\\\\\\\\\\\\\\\\s2\\\\\\\\\\\\\\\\s0\\\\\\\\\\\\\\\\s5\\\\s0\\\\\\\\s2\\\\\\\\s0\\\\\\\\s5\s0\\s0\s0\\s0\s1\\sSUB\\s1\\\\sFA4\\\\s1\\\\\\\\sHA\\\\\\\\s0\\\\\\\\\\\\\\\\s2\\\\\\\\\\\\\\\\s5\\\\\\\\\\\\\\\\s5\\\\\\\\s0\\\\\\\\\\\\\\\\s2\\\\\\\\\\\\\\\\s0\\\\\\\\\\\\\\\\s5\\\\s1\\\\\\\\sFA\\\\\\\\s1\\\\\\\\\\\\\\\\sHA\\\\\\\\\\\\\\\\s0\\\\\\\\\\\\\\\\\\\\\\\\\\\\\\\\s2\\\\\\\\\\\\\\\\\\\\\\\\\\\\\\\\s0\\\\\\\\\\\\\\\\\\\\\\\\\\\\\\\\s5\\\\\\\\\\\\\\\\s0\\\\\\\\\\\\\\\\\\\\\\\\\\\\\\\\s2\\\\\\\\\\\\\\\\\\\\\\\\\\\\\\\\s5\\\\\\\\\\\\\\\\\\\\\\\\\\\\\\\\s5\\\\\\\\s1\\\\\\\\\\\\\\\\sHA\\\\\\\\\\\\\\\\s0\\\\\\\\\\\\\\\\\\\\\\\\\\\\\\\\s2\\\\\\\\\\\\\\\\\\\\\\\\\\\\\\\\s5\\\\\\\\\\\\\\\\\\\\\\\\\\\\\\\\s5\\\\\\\\\\\\\\\\s0\\\\\\\\\\\\\\\\\\\\\\\\\\\\\\\\s2\\\\\\\\\\\\\\\\\\\\\\\\\\\\\\\\s0\\\\\\\\\\\\\\\\\\\\\\\\\\\\\\\\s5\\\\\\\\s0\\\\\\\\\\\\\\\\s2\\\\\\\\\\\\\\\\s5\\\\\\\\\\\\\\\\s5\\\\s1\\\\\\\\sFA\\\\\\\\s1\\\\\\\\\\\\\\\\sHA\\\\\\\\\\\\\\\\s0\\\\\\\\\\\\\\\\\\\\\\\\\\\\\\\\s2\\\\\\\\\\\\\\\\\\\\\\\\\\\\\\\\s0\\\\\\\\\\\\\\\\\\\\\\\\\\\\\\\\s5\\\\\\\\\\\\\\\\s0\\\\\\\\\\\\\\\\\\\\\\\\\\\\\\\\s2\\\\\\\\\\\\\\\\\\\\\\\\\\\\\\\\s5\\\\\\\\\\\\\\\\\\\\\\\\\\\\\\\\s5\\\\\\\\s1\\\\\\\\\\\\\\\\sHA\\\\\\\\\\\\\\\\s0\\\\\\\\\\\\\\\\\\\\\\\\\\\\\\\\s2\\\\\\\\\\\\\\\\\\\\\\\\\\\\\\\\s5\\\\\\\\\\\\\\\\\\\\\\\\\\\\\\\\s5\\\\\\\\\\\\\\\\s0\\\\\\\\\\\\\\\\\\\\\\\\\\\\\\\\s2\\\\\\\\\\\\\\\\\\\\\\\\\\\\\\\\s0\\\\\\\\\\\\\\\\\\\\\\\\\\\\\\\\s5\\\\\\\\s0\\\\\\\\\\\\\\\\s2\\\\\\\\\\\\\\\\s5\\\\\\\\\\\\\\\\s5\\\\s1\\\\\\\\sFA\\\\\\\\s1\\\\\\\\\\\\\\\\sHA\\\\\\\\\\\\\\\\s0\\\\\\\\\\\\\\\\\\\\\\\\\\\\\\\\s2\\\\\\\\\\\\\\\\\\\\\\\\\\\\\\\\s0\\\\\\\\\\\\\\\\\\\\\\\\\\\\\\\\s5\\\\\\\\\\\\\\\\s0\\\\\\\\\\\\\\\\\\\\\\\\\\\\\\\\s2\\\\\\\\\\\\\\\\\\\\\\\\\\\\\\\\s5\\\\\\\\\\\\\\\\\\\\\\\\\\\\\\\\s5\\\\\\\\s1\\\\\\\\\\\\\\\\sHA\\\\\\\\\\\\\\\\s0\\\\\\\\\\\\\\\\\\\\\\\\\\\\\\\\s2\\\\\\\\\\\\\\\\\\\\\\\\\\\\\\\\s5\\\\\\\\\\\\\\\\\\\\\\\\\\\\\\\\s5\\\\\\\\\\\\\\\\s0\\\\\\\\\\\\\\\\\\\\\\\\\\\\\\\\s2\\\\\\\\\\\\\\\\\\\\\\\\\\\\\\\\s0\\\\\\\\\\\\\\\\\\\\\\\\\\\\\\\\s5\\\\\\\\s0\\\\\\\\\\\\\\\\s2\\\\\\\\\\\\\\\\s5\\\\\\\\\\\\\\\\s5\\s0\\\\s0\\\\s40\\\\s5\\\\s0\\\\s0\\\\s0.5\\s0\\\\s0\\s0\\\\s0\\s0\\\\s0\\s1\\\\sFA4\\\\s1\\\\\\\\sHA\\\\\\\\s0\\\\\\\\\\\\\\\\s2\\\\\\\\\\\\\\\\s0\\\\\\\\\\\\\\\\s5\\\\\\\\s0\\\\\\\\\\\\\\\\s2\\\\\\\\\\\\\\\\s0\\\\\\\\\\\\\\\\s5\\\\s1\\\\\\\\sFA\\\\\\\\s1\\\\\\\\\\\\\\\\sHA\\\\\\\\\\\\\\\\s0\\\\\\\\\\\\\\\\\\\\\\\\\\\\\\\\s2\\\\\\\\\\\\\\\\\\\\\\\\\\\\\\\\s0\\\\\\\\\\\\\\\\\\\\\\\\\\\\\\\\s5\\\\\\\\\\\\\\\\s0\\\\\\\\\\\\\\\\\\\\\\\\\\\\\\\\s2\\\\\\\\\\\\\\\\\\\\\\\\\\\\\\\\s0\\\\\\\\\\\\\\\\\\\\\\\\\\\\\\\\s5\\\\\\\\s1\\\\\\\\\\\\\\\\sHA\\\\\\\\\\\\\\\\s0\\\\\\\\\\\\\\\\\\\\\\\\\\\\\\\\s2\\\\\\\\\\\\\\\\\\\\\\\\\\\\\\\\s0\\\\\\\\\\\\\\\\\\\\\\\\\\\\\\\\s5\\\\\\\\\\\\\\\\s0\\\\\\\\\\\\\\\\\\\\\\\\\\\\\\\\s2\\\\\\\\\\\\\\\\\\\\\\\\\\\\\\\\s0\\\\\\\\\\\\\\\\\\\\\\\\\\\\\\\\s5\\\\\\\\s0\\\\\\\\\\\\\\\\s2\\\\\\\\\\\\\\\\s0\\\\\\\\\\\\\\\\s5\\\\s1\\\\\\\\sFA\\\\\\\\s1\\\\\\\\\\\\\\\\sHA\\\\\\\\\\\\\\\\s0\\\\\\\\\\\\\\\\\\\\\\\\\\\\\\\\s2\\\\\\\\\\\\\\\\\\\\\\\\\\\\\\\\s0\\\\\\\\\\\\\\\\\\\\\\\\\\\\\\\\s5\\\\\\\\\\\\\\\\s0\\\\\\\\\\\\\\\\\\\\\\\\\\\\\\\\s2\\\\\\\\\\\\\\\\\\\\\\\\\\\\\\\\s0\\\\\\\\\\\\\\\\\\\\\\\\\\\\\\\\s5\\\\\\\\s1\\\\\\\\\\\\\\\\sHA\\\\\\\\\\\\\\\\s0\\\\\\\\\\\\\\\\\\\\\\\\\\\\\\\\s2\\\\\\\\\\\\\\\\\\\\\\\\\\\\\\\\s0\\\\\\\\\\\\\\\\\\\\\\\\\\\\\\\\s5\\\\\\\\\\\\\\\\s0\\\\\\\\\\\\\\\\\\\\\\\\\\\\\\\\s2\\\\\\\\\\\\\\\\\\\\\\\\\\\\\\\\s0\\\\\\\\\\\\\\\\\\\\\\\\\\\\\\\\s5\\\\\\\\s0\\\\\\\\\\\\\\\\s2\\\\\\\\\\\\\\\\s0\\\\\\\\\\\\\\\\s5\\\\s1\\\\\\\\sFA\\\\\\\\s1\\\\\\\\\\\\\\\\sHA\\\\\\\\\\\\\\\\s0\\\\\\\\\\\\\\\\\\\\\\\\\\\\\\\\s2\\\\\\\\\\\\\\\\\\\\\\\\\\\\\\\\s0\\\\\\\\\\\\\\\\\\\\\\\\\\\\\\\\s5\\\\\\\\\\\\\\\\s0\\\\\\\\\\\\\\\\\\\\\\\\\\\\\\\\s2\\\\\\\\\\\\\\\\\\\\\\\\\\\\\\\\s0\\\\\\\\\\\\\\\\\\\\\\\\\\\\\\\\s5\\\\\\\\s1\\\\\\\\\\\\\\\\sHA\\\\\\\\\\\\\\\\s0\\\\\\\\\\\\\\\\\\\\\\\\\\\\\\\\s2\\\\\\\\\\\\\\\\\\\\\\\\\\\\\\\\s0\\\\\\\\\\\\\\\\\\\\\\\\\\\\\\\\s5\\\\\\\\\\\\\\\\s0\\\\\\\\\\\\\\\\\\\\\\\\\\\\\\\\s2\\\\\\\\\\\\\\\\\\\\\\\\\\\\\\\\s0\\\\\\\\\\\\\\\\\\\\\\\\\\\\\\\\s5\\\\\\\\s0\\\\\\\\\\\\\\\\s2\\\\\\\\\\\\\\\\s0\\\\\\\\\\\\\\\\s5\\s0\\\\s0.5\\\\s5\\s0\\\\s0.5\\\\s5\\s0\\\\s0.5\\\\s5\\s0\\\\s0.5\\\\s5\s1\\sand_4bit\\s0\\\\s2\\\\s0\\\\s5\\s0\\\\s2\\\\s0\\\\s5\\s0\\\\s2\\\\s0\\\\s5\\s0\\\\s2\\\\s0\\\\s5\s1\\sor_4bit\\s0\\\\s2\\\\s0\\\\s5\\s0\\\\s2\\\\s0\\\\s5\\s0\\\\s2\\\\s0\\\\s5\\s0\\\\s2\\\\s0\\\\s5
410 -448 -1712 -368 -1568 1 ALU_MUX 1\sSW4\s0\\s2\\s0\\s5\s1\\sSW2\\s0\\\\s2\\\\s0\\\\s5\\s0\\\\s2\\\\s0\\\\s5\\s0\\\\s2\\\\s0\\\\s5\\s0\\\\s2\\\\s0\\\\s5\\s0\\\\s0.5\\\\s5\\s0\\\\s0.5\\\\s5\s1\\sSW2\\s0\\\\s2\\\\s0\\\\s5\\s0\\\\s2\\\\s0\\\\s5\\s0\\\\s2\\\\s0\\\\s5\\s0\\\\s2\\\\s0\\\\s5\\s0\\\\s0.5\\\\s5\\s0\\\\s0.5\\\\s5\s0\\s2\\s0\\s5\s0\\s2\\s0\\s5\s0\\s2\\s0\\s5\s0\\s2\\s0\\s5\s0\\s2\\s0\\s5\s0\\s2\\s0\\s5\s0\\s2\\s0\\s5\s0\\s2\\s0\\s5\s0\\s2\\s0\\s5\s0\\s2\\s0\\s5\s0\\s2\\s0\\s5\s0\\s2\\s0\\s5\s0\\s2\\s0\\s5\s0\\s2\\s0\\s5\s0\\s2\\s0\\s5 0\s10\s0\s5 0\s2\s0\s5 0\s2\s0\s5 0\s2\s0\s5 0\s2\s0\s5 0\s2\s0\s5 0\s2\s0\s5 0\s2\s0\s5 0\s2\s0\s5 0\s2\s0\s5 0\s2\s0\s5 0\s10\s0\s5 0\s10\s0\s5 0\s10\s0\s5 0\s2\s0\s5 0\s2\s0\s5 0\s2\s0\s5 0\s2\s0\s5 0\s2\s0\s5 0\s2\s0\s5 0\s2\s0\s5 0\s2\s0\s5 0\s2\s0\s5 0\s2\s0\s5 0\s2\s0\s5 0\s2\s0\s5 0\s2\s0\s5 0\s2\s0\s5 0\s2\s0\s5 0\s2\s0\s5 0\s2\s0\s5 0\s2\s0\s5 0\s2\s0\s5 0\s2\s0\s5 0\s2\s0\s5 0\s2\s0\s5 0\s2\s0\s5 0\s2\s0\s5 0\s2\s0\s5 0\s2\s0\s5 0\s2\s0\s5 0\s2\s0\s5 0\s2\s0\s5 0\s2\s0\s5 1\sFA4\s1\\sHA\\s0\\\\s2\\\\s0\\\\s5\\s0\\\\s2\\\\s0\\\\s5\s1\\sFA\\s1\\\\sHA\\\\s0\\\\\\\\s2\\\\\\\\s0\\\\\\\\s5\\\\s0\\\\\\\\s2\\\\\\\\s0\\\\\\\\s5\\s1\\\\sHA\\\\s0\\\\\\\\s2\\\\\\\\s0\\\\\\\\s5\\\\s0\\\\\\\\s2\\\\\\\\s0\\\\\\\\s5\\s0\\\\s2\\\\s0\\\\s5\s1\\sFA\\s1\\\\sHA\\\\s0\\\\\\\\s2\\\\\\\\s0\\\\\\\\s5\\\\s0\\\\\\\\s2\\\\\\\\s0\\\\\\\\s5\\s1\\\\sHA\\\\s0\\\\\\\\s2\\\\\\\\s0\\\\\\\\s5\\\\s0\\\\\\\\s2\\\\\\\\s0\\\\\\\\s5\\s0\\\\s2\\\\s0\\\\s5\s1\\sFA\\s1\\\\sHA\\\\s0\\\\\\\\s2\\\\\\\\s0\\\\\\\\s5\\\\s0\\\\\\\\s2\\\\\\\\s0\\\\\\\\s5\\s1\\\\sHA\\\\s0\\\\\\\\s2\\\\\\\\s0\\\\\\\\s5\\\\s0\\\\\\\\s2\\\\\\\\s0\\\\\\\\s5\\s0\\\\s2\\\\s0\\\\s5 0\s0 0\s0 1\sSUB\s1\\sFA4\\s1\\\\sHA\\\\s0\\\\\\\\s2\\\\\\\\s0\\\\\\\\s5\\\\s0\\\\\\\\s2\\\\\\\\s0\\\\\\\\s5\\s1\\\\sFA\\\\s1\\\\\\\\sHA\\\\\\\\s0\\\\\\\\\\\\\\\\s2\\\\\\\\\\\\\\\\s0\\\\\\\\\\\\\\\\s5\\\\\\\\s0\\\\\\\\\\\\\\\\s2\\\\\\\\\\\\\\\\s0\\\\\\\\\\\\\\\\s5\\\\s1\\\\\\\\sHA\\\\\\\\s0\\\\\\\\\\\\\\\\s2\\\\\\\\\\\\\\\\s0\\\\\\\\\\\\\\\\s5\\\\\\\\s0\\\\\\\\\\\\\\\\s2\\\\\\\\\\\\\\\\s0\\\\\\\\\\\\\\\\s5\\\\s0\\\\\\\\s2\\\\\\\\s0\\\\\\\\s5\\s1\\\\sFA\\\\s1\\\\\\\\sHA\\\\\\\\s0\\\\\\\\\\\\\\\\s2\\\\\\\\\\\\\\\\s0\\\\\\\\\\\\\\\\s5\\\\\\\\s0\\\\\\\\\\\\\\\\s2\\\\\\\\\\\\\\\\s0\\\\\\\\\\\\\\\\s5\\\\s1\\\\\\\\sHA\\\\\\\\s0\\\\\\\\\\\\\\\\s2\\\\\\\\\\\\\\\\s0\\\\\\\\\\\\\\\\s5\\\\\\\\s0\\\\\\\\\\\\\\\\s2\\\\\\\\\\\\\\\\s0\\\\\\\\\\\\\\\\s5\\\\s0\\\\\\\\s2\\\\\\\\s0\\\\\\\\s5\\s1\\\\sFA\\\\s1\\\\\\\\sHA\\\\\\\\s0\\\\\\\\\\\\\\\\s2\\\\\\\\\\\\\\\\s0\\\\\\\\\\\\\\\\s5\\\\\\\\s0\\\\\\\\\\\\\\\\s2\\\\\\\\\\\\\\\\s0\\\\\\\\\\\\\\\\s5\\\\s1\\\\\\\\sHA\\\\\\\\s0\\\\\\\\\\\\\\\\s2\\\\\\\\\\\\\\\\s0\\\\\\\\\\\\\\\\s5\\\\\\\\s0\\\\\\\\\\\\\\\\s2\\\\\\\\\\\\\\\\s0\\\\\\\\\\\\\\\\s5\\\\s0\\\\\\\\s2\\\\\\\\s0\\\\\\\\s5\s0\\s0\\s40\\s5\\s0\\s0\\s0.5\s0\\s0\s0\\s0\s0\\s0\s1\\sFA4\\s1\\\\sHA\\\\s0\\\\\\\\s2\\\\\\\\s0\\\\\\\\s5\\\\s0\\\\\\\\s2\\\\\\\\s0\\\\\\\\s5\\s1\\\\sFA\\\\s1\\\\\\\\sHA\\\\\\\\s0\\\\\\\\\\\\\\\\s2\\\\\\\\\\\\\\\\s0\\\\\\\\\\\\\\\\s5\\\\\\\\s0\\\\\\\\\\\\\\\\s2\\\\\\\\\\\\\\\\s0\\\\\\\\\\\\\\\\s5\\\\s1\\\\\\\\sHA\\\\\\\\s0\\\\\\\\\\\\\\\\s2\\\\\\\\\\\\\\\\s0\\\\\\\\\\\\\\\\s5\\\\\\\\s0\\\\\\\\\\\\\\\\s2\\\\\\\\\\\\\\\\s0\\\\\\\\\\\\\\\\s5\\\\s0\\\\\\\\s2\\\\\\\\s0\\\\\\\\s5\\s1\\\\sFA\\\\s1\\\\\\\\sHA\\\\\\\\s0\\\\\\\\\\\\\\\\s2\\\\\\\\\\\\\\\\s0\\\\\\\\\\\\\\\\s5\\\\\\\\s0\\\\\\\\\\\\\\\\s2\\\\\\\\\\\\\\\\s0\\\\\\\\\\\\\\\\s5\\\\s1\\\\\\\\sHA\\\\\\\\s0\\\\\\\\\\\\\\\\s2\\\\\\\\\\\\\\\\s0\\\\\\\\\\\\\\\\s5\\\\\\\\s0\\\\\\\\\\\\\\\\s2\\\\\\\\\\\\\\\\s0\\\\\\\\\\\\\\\\s5\\\\s0\\\\\\\\s2\\\\\\\\s0\\\\\\\\s5\\s1\\\\sFA\\\\s1\\\\\\\\sHA\\\\\\\\s0\\\\\\\\\\\\\\\\s2\\\\\\\\\\\\\\\\s0\\\\\\\\\\\\\\\\s5\\\\\\\\s0\\\\\\\\\\\\\\\\s2\\\\\\\\\\\\\\\\s0\\\\\\\\\\\\\\\\s5\\\\s1\\\\\\\\sHA\\\\\\\\s0\\\\\\\\\\\\\\\\s2\\\\\\\\\\\\\\\\s0\\\\\\\\\\\\\\\\s5\\\\\\\\s0\\\\\\\\\\\\\\\\s2\\\\\\\\\\\\\\\\s0\\\\\\\\\\\\\\\\s5\\\\s0\\\\\\\\s2\\\\\\\\s0\\\\\\\\s5\s0\\s0.5\\s5\s0\\s0.5\\s5\s0\\s0.5\\s5\s0\\s0.5\\s5 1\sand_4bit\s0\\s2\\s0\\s5\s0\\s2\\s0\\s5\s0\\s2\\s0\\s5\s0\\s2\\s0\\s5 1\sor_4bit\s0\\s2\\s0\\s5\s0\\s2\\s0\\s5\s0\\s2\\s0\\s5\s0\\s2\\s0\\s5
