$ 1 0.000005 10.20027730826997 50 5 50 5e-11
150 432 192 544 192 0 2 0 5
207 432 176 368 176 4 A0
207 432 208 368 208 4 B0
207 544 192 624 192 4 S0
207 544 256 624 256 4 S1
207 432 272 368 272 4 B1
207 432 240 368 240 4 A1
150 432 256 544 256 0 2 0 5
150 432 384 544 384 0 2 0 5
207 432 368 368 368 4 A3
207 432 400 368 400 4 B3
207 544 384 624 384 4 S3
207 544 320 624 320 4 S2
207 432 336 368 336 4 B2
207 432 304 368 304 4 A2
150 432 320 544 320 0 2 0 5
. and_4bit 0 2 8 12 A0 2 0 2 A1 11 1 2 A2 23 2 2 A3 14 3 2 B0 1 4 2 B1 9 5 2 B2 21 6 2 B3 13 7 2 S0 3 0 3 S1 7 1 3 S2 19 2 3 S3 15 3 3 AndGateElm\s1\s2\s3\rAndGateElm\s9\s11\s7\rAndGateElm\s13\s14\s15\rAndGateElm\s21\s23\s19 0\\s2\\s0\\s5\s0\\s2\\s0\\s5\s0\\s2\\s0\\s5\s0\\s2\\s0\\s5
410 432 -128 448 -128 1 and_4bit 0\s2\s0\s5 0\s2\s0\s5 0\s2\s0\s5 0\s2\s0\s5
