$ 1 0.000005 10.20027730826997 50 5 50 5e-11
152 224 416 336 416 0 2 0 5
152 224 288 336 288 0 2 0 5
195 384 416 432 416 0
196 384 288 400 288 0
w 384 352 384 384 0
w 384 384 512 384 0
w 512 384 512 448 0
w 512 448 480 448 0
R 384 448 336 448 0 0 40 5 0 0 0.5
g 384 320 352 320 0 0
207 224 400 176 400 5 Q1
207 224 432 176 432 5 Q3
207 224 304 176 304 5 Q3
207 224 272 176 272 5 Q2
150 992 208 1088 208 0 2 0 5
150 992 288 1088 288 0 2 0 5
I 896 192 992 192 0 0.5 5
I 896 224 992 224 0 0.5 5
I 896 272 992 272 0 0.5 5
I 896 384 992 384 0 0.5 5
150 992 448 1088 448 0 2 0 5
150 992 368 1088 368 0 2 0 5
w 480 352 736 352 0
w 736 352 736 272 0
w 736 272 736 192 0
w 736 352 736 432 0
w 736 192 896 192 0
w 736 272 896 272 0
w 736 352 992 352 0
w 736 432 992 432 0
w 480 416 800 416 0
w 800 416 800 384 0
w 800 384 800 304 0
w 800 304 800 224 0
w 800 416 800 464 0
w 800 464 992 464 0
w 800 384 896 384 0
w 800 304 992 304 0
w 800 224 896 224 0
. REG1 0 2 4 5 CLK 4 3 2 CLR- 15 0 2 D 7 2 2 LD- 5 1 2 Q 2 0 3 DFlipFlopElm\s1\s2\s3\s4\rAndGateElm\s5\s2\s9\rAndGateElm\s7\s10\s11\rOrGateElm\s11\s9\s12\rInverterElm\s5\s10\rAndGateElm\s15\s12\s1 0\\s0\s0\\s2\\s0\\s5\s0\\s2\\s0\\s5\s0\\s2\\s0\\s5\s0\\s0.5\\s5\s0\\s2\\s0\\s5
. REG4 0 2 7 11 A 3 2 2 B 12 3 2 C 20 4 2 CLK 1 0 1 CLR- 2 0 2 D 28 5 2 LD- 4 1 2 QA 5 2 3 QB 13 3 3 QC 21 4 3 QD 29 5 3 CustomCompositeElm\s1\s2\s3\s4\s5\rCustomCompositeElm\s1\s2\s12\s4\s13\rCustomCompositeElm\s1\s2\s20\s4\s21\rCustomCompositeElm\s1\s2\s28\s4\s29 1\\sREG1\\s0\\\\s0\\s0\\\\s2\\\\s0\\\\s5\\s0\\\\s2\\\\s0\\\\s5\\s0\\\\s2\\\\s0\\\\s5\\s0\\\\s0.5\\\\s5\\s0\\\\s2\\\\s0\\\\s5\s1\\sREG1\\s0\\\\s0\\s0\\\\s2\\\\s0\\\\s5\\s0\\\\s2\\\\s0\\\\s5\\s0\\\\s2\\\\s0\\\\s5\\s0\\\\s0.5\\\\s5\\s0\\\\s2\\\\s0\\\\s5\s1\\sREG1\\s0\\\\s0\\s0\\\\s2\\\\s0\\\\s5\\s0\\\\s2\\\\s0\\\\s5\\s0\\\\s2\\\\s0\\\\s5\\s0\\\\s0.5\\\\s5\\s0\\\\s2\\\\s0\\\\s5\s1\\sREG1\\s0\\\\s0\\s0\\\\s2\\\\s0\\\\s5\\s0\\\\s2\\\\s0\\\\s5\\s0\\\\s2\\\\s0\\\\s5\\s0\\\\s0.5\\\\s5\\s0\\\\s2\\\\s0\\\\s5
410 1232 144 1248 160 1 REG4 1\sREG1\s0\\s0\s0\\s2\\s0\\s5\s0\\s2\\s0\\s5\s0\\s2\\s0\\s5\s0\\s0.5\\s5\s0\\s2\\s0\\s5 1\sREG1\s0\\s0\s0\\s2\\s0\\s5\s0\\s2\\s0\\s5\s0\\s2\\s0\\s5\s0\\s0.5\\s5\s0\\s2\\s0\\s5 1\sREG1\s0\\s0\s0\\s2\\s0\\s5\s0\\s2\\s0\\s5\s0\\s2\\s0\\s5\s0\\s0.5\\s5\s0\\s2\\s0\\s5 1\sREG1\s0\\s0\s0\\s2\\s0\\s5\s0\\s2\\s0\\s5\s0\\s2\\s0\\s5\s0\\s0.5\\s5\s0\\s2\\s0\\s5
g 1232 176 1184 176 0 0
w 1088 208 1232 208 0
w 1232 240 1088 240 0
w 1088 240 1088 288 0
w 1088 368 1120 368 0
w 1120 368 1120 272 0
w 1120 272 1232 272 0
w 1088 448 1152 448 0
w 1152 448 1152 304 0
w 1152 304 1232 304 0
207 1264 368 1264 416 4 CLK
w 1328 208 1488 208 0
w 1328 240 1376 240 0
w 1328 272 1408 272 0
w 1328 304 1440 304 0
w 1376 240 1488 240 0
w 1408 272 1488 272 0
w 1440 304 1488 304 0
w 1440 304 1440 176 0
w 1408 272 1408 176 0
w 1376 240 1376 176 0
207 1376 176 1376 112 5 Q1
207 1408 176 1408 112 5 Q2
207 1440 176 1440 112 5 Q3
207 1552 208 1616 208 4 CWB
207 1552 240 1616 240 4 CFE
207 1552 272 1616 272 4 CDC
207 1552 304 1616 304 4 CEX
I 1488 208 1520 208 0 0.5 5
I 1520 208 1552 208 0 0.5 5
I 1488 240 1520 240 0 0.5 5
I 1520 240 1552 240 0 0.5 5
I 1520 304 1552 304 0 0.5 5
I 1488 304 1520 304 0 0.5 5
I 1520 272 1552 272 0 0.5 5
I 1488 272 1520 272 0 0.5 5
w 384 416 336 416 0
w 384 288 336 288 0
x 886 -161 998 -158 4 24 CLK_GEN
b 128 48 1705 553 0
R 1232 144 1168 144 0 0 40 5 0 0 0.5
. CLK_GEN 0 2 4 5 CDC 60 1 3 CEX 62 2 3 CFE 58 0 3 CLK 24 0 2 CWB 56 3 3 OrGateElm\s1\s2\s3\rOrGateElm\s1\s5\s6\rHalfAdderElm\s7\s8\s3\s9\rFullAdderElm\s10\s11\s6\s12\s8\rRailElm\s9\rGroundElm\s12\rAndGateElm\s16\s17\s18\rAndGateElm\s7\s19\s20\rInverterElm\s10\s17\rInverterElm\s7\s16\rInverterElm\s10\s19\rInverterElm\s7\s21\rAndGateElm\s7\s10\s22\rAndGateElm\s21\s10\s23\rCustomCompositeElm\s18\s20\s23\s24\s25\s22\s26\s27\s2\s5\s1\rGroundElm\s26\rInverterElm\s27\s64\rInverterElm\s64\s56\rInverterElm\s2\s65\rInverterElm\s65\s58\rInverterElm\s66\s62\rInverterElm\s1\s66\rInverterElm\s67\s60\rInverterElm\s5\s67\rRailElm\s25 0\\s2\\s0\\s5\s0\\s2\\s0\\s5\s0\s0\s0\\s0\\s40\\s5\\s0\\s0\\s0.5\s0\\s0\s0\\s2\\s0\\s5\s0\\s2\\s0\\s5\s0\\s0.5\\s5\s0\\s0.5\\s5\s0\\s0.5\\s5\s0\\s0.5\\s5\s0\\s2\\s0\\s5\s0\\s2\\s0\\s5\s1\\sREG4\\s1\\\\sREG1\\\\s0\\\\\\\\s0\\\\s0\\\\\\\\s2\\\\\\\\s0\\\\\\\\s5\\\\s0\\\\\\\\s2\\\\\\\\s0\\\\\\\\s5\\\\s0\\\\\\\\s2\\\\\\\\s0\\\\\\\\s5\\\\s0\\\\\\\\s0.5\\\\\\\\s5\\\\s0\\\\\\\\s2\\\\\\\\s0\\\\\\\\s5\\s1\\\\sREG1\\\\s0\\\\\\\\s0\\\\s0\\\\\\\\s2\\\\\\\\s0\\\\\\\\s5\\\\s0\\\\\\\\s2\\\\\\\\s0\\\\\\\\s5\\\\s0\\\\\\\\s2\\\\\\\\s0\\\\\\\\s5\\\\s0\\\\\\\\s0.5\\\\\\\\s5\\\\s0\\\\\\\\s2\\\\\\\\s0\\\\\\\\s5\\s1\\\\sREG1\\\\s0\\\\\\\\s0\\\\s0\\\\\\\\s2\\\\\\\\s0\\\\\\\\s5\\\\s0\\\\\\\\s2\\\\\\\\s0\\\\\\\\s5\\\\s0\\\\\\\\s2\\\\\\\\s0\\\\\\\\s5\\\\s0\\\\\\\\s0.5\\\\\\\\s5\\\\s0\\\\\\\\s2\\\\\\\\s0\\\\\\\\s5\\s1\\\\sREG1\\\\s0\\\\\\\\s0\\\\s0\\\\\\\\s2\\\\\\\\s0\\\\\\\\s5\\\\s0\\\\\\\\s2\\\\\\\\s0\\\\\\\\s5\\\\s0\\\\\\\\s2\\\\\\\\s0\\\\\\\\s5\\\\s0\\\\\\\\s0.5\\\\\\\\s5\\\\s0\\\\\\\\s2\\\\\\\\s0\\\\\\\\s5\s0\\s0\s0\\s0.5\\s5\s0\\s0.5\\s5\s0\\s0.5\\s5\s0\\s0.5\\s5\s0\\s0.5\\s5\s0\\s0.5\\s5\s0\\s0.5\\s5\s0\\s0.5\\s5\s0\\s0\\s40\\s5\\s0\\s0\\s0.5
410 896 -112 896 -96 1 CLK_GEN 0\s2\s0\s5 0\s2\s0\s5 0 0 0\s0\s40\s5\s0\s0\s0.5 0\s0 0\s2\s0\s5 0\s2\s0\s5 0\s0.5\s5 0\s0.5\s5 0\s0.5\s5 0\s0.5\s5 0\s2\s0\s5 0\s2\s0\s5 1\sREG4\s1\\sREG1\\s0\\\\s0\\s0\\\\s2\\\\s0\\\\s5\\s0\\\\s2\\\\s0\\\\s5\\s0\\\\s2\\\\s0\\\\s5\\s0\\\\s0.5\\\\s5\\s0\\\\s2\\\\s0\\\\s5\s1\\sREG1\\s0\\\\s0\\s0\\\\s2\\\\s0\\\\s5\\s0\\\\s2\\\\s0\\\\s5\\s0\\\\s2\\\\s0\\\\s5\\s0\\\\s0.5\\\\s5\\s0\\\\s2\\\\s0\\\\s5\s1\\sREG1\\s0\\\\s0\\s0\\\\s2\\\\s0\\\\s5\\s0\\\\s2\\\\s0\\\\s5\\s0\\\\s2\\\\s0\\\\s5\\s0\\\\s0.5\\\\s5\\s0\\\\s2\\\\s0\\\\s5\s1\\sREG1\\s0\\\\s0\\s0\\\\s2\\\\s0\\\\s5\\s0\\\\s2\\\\s0\\\\s5\\s0\\\\s2\\\\s0\\\\s5\\s0\\\\s0.5\\\\s5\\s0\\\\s2\\\\s0\\\\s5 0\s0 0\s0.5\s5 0\s0.5\s5 0\s0.5\s5 0\s0.5\s5 0\s0.5\s5 0\s0.5\s5 0\s0.5\s5 0\s0.5\s5 0\s0\s40\s5\s0\s0\s0.5
