$ 1 0.03125 382.76258214399064 50 5 50 5e-11
. MUX_3X2 0 2 7 10 A0 22 0 2 A1 12 1 2 A2 1 2 2 B0 25 3 2 B1 15 4 2 B2 5 5 2 N 3 6 2 R0 31 0 3 R1 21 1 3 R2 11 2 3 AndGateElm\s3\s5\s8\rAndGateElm\s10\s1\s9\rOrGateElm\s8\s9\s11\rAndGateElm\s3\s15\s18\rAndGateElm\s20\s12\s19\rOrGateElm\s18\s19\s21\rAndGateElm\s3\s25\s28\rAndGateElm\s30\s22\s29\rOrGateElm\s28\s29\s31\rInverterElm\s3\s10\rInverterElm\s3\s20\rInverterElm\s3\s30 0\\s2\\s0\\s5\s0\\s2\\s0\\s5\s0\\s2\\s0\\s5\s0\\s2\\s0\\s5\s0\\s2\\s0\\s5\s0\\s2\\s0\\s5\s0\\s2\\s0\\s5\s0\\s2\\s0\\s5\s0\\s2\\s0\\s5\s0\\s0.5\\s5\s0\\s0.5\\s5\s0\\s0.5\\s5
. REG1 0 2 4 5 CLK 4 3 2 CLR- 15 0 2 D 7 2 2 LD- 5 1 2 Q 2 0 3 DFlipFlopElm\s1\s2\s3\s4\rAndGateElm\s5\s2\s9\rAndGateElm\s7\s10\s11\rOrGateElm\s11\s9\s12\rInverterElm\s5\s10\rAndGateElm\s15\s12\s1 0\\s0\s0\\s2\\s0\\s5\s0\\s2\\s0\\s5\s0\\s2\\s0\\s5\s0\\s0.5\\s5\s0\\s2\\s0\\s5
. DC 0 2 9 12 A0 1 1 2 A1 2 2 2 A2 3 3 2 B0 4 4 2 B1 5 5 2 B2 6 6 2 CLK 20 0 1 CLR- 41 0 2 N 7 7 2 R0 23 0 3 R1 33 1 3 R2 43 2 3 CustomCompositeElm\s1\s2\s3\s4\s5\s6\s7\s8\s9\s10\rCustomCompositeElm\s20\s41\s8\s22\s23\rCustomCompositeElm\s20\s41\s9\s32\s33\rCustomCompositeElm\s20\s41\s10\s42\s43\rGroundElm\s22\rGroundElm\s32\rGroundElm\s42 1\\sMUX_3X2\\s0\\\\s2\\\\s0\\\\s5\\s0\\\\s2\\\\s0\\\\s5\\s0\\\\s2\\\\s0\\\\s5\\s0\\\\s2\\\\s0\\\\s5\\s0\\\\s2\\\\s0\\\\s5\\s0\\\\s2\\\\s0\\\\s5\\s0\\\\s2\\\\s0\\\\s5\\s0\\\\s2\\\\s0\\\\s5\\s0\\\\s2\\\\s0\\\\s5\\s0\\\\s0.5\\\\s5\\s0\\\\s0.5\\\\s5\\s0\\\\s0.5\\\\s5\s1\\sREG1\\s0\\\\s0\\s0\\\\s2\\\\s0\\\\s5\\s0\\\\s2\\\\s0\\\\s5\\s0\\\\s2\\\\s0\\\\s5\\s0\\\\s0.5\\\\s5\\s0\\\\s2\\\\s0\\\\s5\s1\\sREG1\\s0\\\\s0\\s0\\\\s2\\\\s0\\\\s5\\s0\\\\s2\\\\s0\\\\s5\\s0\\\\s2\\\\s0\\\\s5\\s0\\\\s0.5\\\\s5\\s0\\\\s2\\\\s0\\\\s5\s1\\sREG1\\s0\\\\s0\\s0\\\\s2\\\\s0\\\\s5\\s0\\\\s2\\\\s0\\\\s5\\s0\\\\s2\\\\s0\\\\s5\\s0\\\\s0.5\\\\s5\\s0\\\\s2\\\\s0\\\\s5\s0\\s0\s0\\s0\s0\\s0
410 416 16 464 144 1 DC 1\sMUX_3X2\s0\\s2\\s0\\s5\s0\\s2\\s0\\s5\s0\\s2\\s0\\s5\s0\\s2\\s0\\s5\s0\\s2\\s5\\s5\s0\\s2\\s5\\s5\s0\\s2\\s0\\s5\s0\\s2\\s5\\s5\s0\\s2\\s5\\s5\s0\\s0.5\\s5\s0\\s0.5\\s5\s0\\s0.5\\s5 1\sREG1\s0\\s5\s0\\s2\\s0\\s5\s0\\s2\\s5\\s5\s0\\s2\\s5\\s5\s0\\s0.5\\s5\s0\\s2\\s5\\s5 1\sREG1\s0\\s5\s0\\s2\\s0\\s5\s0\\s2\\s5\\s5\s0\\s2\\s5\\s5\s0\\s0.5\\s5\s0\\s2\\s5\\s5 1\sREG1\s0\\s0\s0\\s2\\s0\\s5\s0\\s2\\s0\\s5\s0\\s2\\s0\\s5\s0\\s0.5\\s5\s0\\s2\\s0\\s5 0\s0 0\s0 0\s0
410 416 448 464 576 1 DC 1\sMUX_3X2\s0\\s2\\s0\\s5\s0\\s2\\s0\\s5\s0\\s2\\s0\\s5\s0\\s2\\s0\\s5\s0\\s2\\s0\\s5\s0\\s2\\s0\\s5\s0\\s2\\s5\\s5\s0\\s2\\s0\\s5\s0\\s2\\s5\\s5\s0\\s0.5\\s5\s0\\s0.5\\s5\s0\\s0.5\\s5 1\sREG1\s0\\s5\s0\\s2\\s0\\s5\s0\\s2\\s5\\s5\s0\\s2\\s5\\s5\s0\\s0.5\\s5\s0\\s2\\s5\\s5 1\sREG1\s0\\s0\s0\\s2\\s0\\s5\s0\\s2\\s0\\s5\s0\\s2\\s0\\s5\s0\\s0.5\\s5\s0\\s2\\s0\\s5 1\sREG1\s0\\s0\s0\\s2\\s0\\s5\s0\\s2\\s0\\s5\s0\\s2\\s0\\s5\s0\\s0.5\\s5\s0\\s2\\s0\\s5 0\s0 0\s0 0\s0
410 416 880 464 1008 1 DC 1\sMUX_3X2\s0\\s2\\s5\\s5\s0\\s2\\s0\\s5\s0\\s2\\s5\\s5\s0\\s2\\s5\\s5\s0\\s2\\s0\\s5\s0\\s2\\s5\\s5\s0\\s2\\s5\\s5\s0\\s2\\s0\\s5\s0\\s2\\s5\\s5\s0\\s0.5\\s5\s0\\s0.5\\s5\s0\\s0.5\\s5 1\sREG1\s0\\s5\s0\\s2\\s0\\s5\s0\\s2\\s5\\s5\s0\\s2\\s5\\s5\s0\\s0.5\\s5\s0\\s2\\s5\\s5 1\sREG1\s0\\s5\s0\\s2\\s0\\s5\s0\\s2\\s5\\s5\s0\\s2\\s5\\s5\s0\\s0.5\\s5\s0\\s2\\s5\\s5 1\sREG1\s0\\s5\s0\\s2\\s0\\s5\s0\\s2\\s5\\s5\s0\\s2\\s5\\s5\s0\\s0.5\\s5\s0\\s2\\s5\\s5 0\s0 0\s0 0\s0
w 512 -432 880 -432 0
w 512 -400 880 -400 0
w 512 -336 880 -336 0
w 512 -368 880 -368 0
w 512 -240 880 -240 0
w 512 -208 880 -208 0
w 512 -272 880 -272 0
w 512 -304 880 -304 0
w 512 16 512 -176 0
w 512 -176 880 -176 0
w 512 48 544 48 0
w 544 48 544 -144 0
w 544 -144 880 -144 0
w 512 80 576 80 0
w 576 80 576 -112 0
w 576 -112 880 -112 0
w 512 448 608 448 0
w 608 448 608 -80 0
w 608 -80 880 -80 0
w 512 480 640 480 0
w 640 480 640 -48 0
w 640 -48 880 -48 0
w 880 -16 672 -16 0
w 672 -16 672 512 0
w 512 512 672 512 0
w 880 16 704 16 0
w 704 16 704 880 0
w 512 880 704 880 0
w 512 912 736 912 0
w 736 912 736 48 0
w 736 48 880 48 0
w 512 944 768 944 0
w 768 944 768 80 0
w 768 80 880 80 0
w 976 -304 1296 -304 0
w 976 -272 1296 -272 0
. WB 0 2 7 13 A0 5 0 3 A1 16 1 3 A2 27 2 3 B0 56 3 3 B1 54 4 3 B2 52 5 3 CLK 1 0 1 CLR- 2 1 1 N 44 0 2 R0 3 2 2 R1 14 3 2 R2 25 4 2 WE 42 1 2 CustomCompositeElm\s1\s2\s3\s4\s5\rCustomCompositeElm\s1\s2\s14\s15\s16\rCustomCompositeElm\s1\s2\s25\s26\s27\rNandGateElm\s42\s43\s4\rInverterElm\s44\s43\rNandGateElm\s42\s43\s26\rNandGateElm\s42\s43\s15\rNandGateElm\s42\s44\s50\rNandGateElm\s42\s44\s49\rNandGateElm\s42\s44\s51\rCustomCompositeElm\s1\s2\s25\s49\s52\rCustomCompositeElm\s1\s2\s14\s50\s54\rCustomCompositeElm\s1\s2\s3\s51\s56 1\\sREG1\\s0\\\\s0\\s0\\\\s2\\\\s0\\\\s5\\s0\\\\s2\\\\s0\\\\s5\\s0\\\\s2\\\\s0\\\\s5\\s0\\\\s0.5\\\\s5\\s0\\\\s2\\\\s0\\\\s5\s1\\sREG1\\s0\\\\s0\\s0\\\\s2\\\\s0\\\\s5\\s0\\\\s2\\\\s0\\\\s5\\s0\\\\s2\\\\s0\\\\s5\\s0\\\\s0.5\\\\s5\\s0\\\\s2\\\\s0\\\\s5\s1\\sREG1\\s0\\\\s0\\s0\\\\s2\\\\s0\\\\s5\\s0\\\\s2\\\\s0\\\\s5\\s0\\\\s2\\\\s0\\\\s5\\s0\\\\s0.5\\\\s5\\s0\\\\s2\\\\s0\\\\s5\s0\\s2\\s0\\s5\s0\\s0.5\\s5\s0\\s2\\s0\\s5\s0\\s2\\s0\\s5\s0\\s2\\s0\\s5\s0\\s2\\s0\\s5\s0\\s2\\s0\\s5\s1\\sREG1\\s0\\\\s0\\s0\\\\s2\\\\s0\\\\s5\\s0\\\\s2\\\\s0\\\\s5\\s0\\\\s2\\\\s0\\\\s5\\s0\\\\s0.5\\\\s5\\s0\\\\s2\\\\s0\\\\s5\s1\\sREG1\\s0\\\\s0\\s0\\\\s2\\\\s0\\\\s5\\s0\\\\s2\\\\s0\\\\s5\\s0\\\\s2\\\\s0\\\\s5\\s0\\\\s0.5\\\\s5\\s0\\\\s2\\\\s0\\\\s5\s1\\sREG1\\s0\\\\s0\\s0\\\\s2\\\\s0\\\\s5\\s0\\\\s2\\\\s0\\\\s5\\s0\\\\s2\\\\s0\\\\s5\\s0\\\\s0.5\\\\s5\\s0\\\\s2\\\\s0\\\\s5
410 1296 -336 1312 -304 1 WB 1\sREG1\s0\\s5\s0\\s2\\s5\\s5\s0\\s2\\s0\\s5\s0\\s2\\s5\\s5\s0\\s0.5\\s5\s0\\s2\\s5\\s5 1\sREG1\s0\\s5\s0\\s2\\s5\\s5\s0\\s2\\s0\\s5\s0\\s2\\s5\\s5\s0\\s0.5\\s5\s0\\s2\\s5\\s5 1\sREG1\s0\\s0\s0\\s2\\s0\\s5\s0\\s2\\s0\\s5\s0\\s2\\s0\\s5\s0\\s0.5\\s5\s0\\s2\\s0\\s5 0\s2\s5\s5 0\s0.5\s5 0\s2\s5\s5 0\s2\s5\s5 0\s2\s5\s5 0\s2\s5\s5 0\s2\s5\s5 1\sREG1\s0\\s0\s0\\s2\\s0\\s5\s0\\s2\\s0\\s5\s0\\s2\\s0\\s5\s0\\s0.5\\s5\s0\\s2\\s0\\s5 1\sREG1\s0\\s0\s0\\s2\\s0\\s5\s0\\s2\\s0\\s5\s0\\s2\\s0\\s5\s0\\s0.5\\s5\s0\\s2\\s0\\s5 1\sREG1\s0\\s5\s0\\s2\\s5\\s5\s0\\s2\\s0\\s5\s0\\s2\\s5\\s5\s0\\s0.5\\s5\s0\\s2\\s5\\s5
w 976 -208 1296 -208 0
w 976 -240 1296 -240 0
207 1392 -336 1456 -336 5 A0
207 1392 -304 1456 -304 5 A1
207 1392 -240 1456 -240 5 B0
207 1392 -272 1456 -272 5 A2
207 1392 -176 1456 -176 5 B2
207 1392 -208 1456 -208 5 B1
207 416 80 336 80 5 A1
207 416 48 336 48 5 A0
207 416 144 336 144 5 B0
207 416 112 336 112 5 A2
207 416 208 336 208 5 B2
207 416 176 336 176 5 B1
207 416 512 336 512 5 A1
207 416 480 336 480 5 A0
207 416 576 336 576 5 B0
207 416 544 336 544 5 A2
207 416 640 336 640 5 B2
207 416 608 336 608 5 B1
207 416 944 336 944 5 M1
207 416 912 336 912 5 M0
207 416 976 336 976 5 M2
410 1296 0 1312 32 1 WB 1\sREG1\s0\\s0\s0\\s2\\s0\\s5\s0\\s2\\s0\\s5\s0\\s2\\s0\\s5\s0\\s0.5\\s5\s0\\s2\\s0\\s5 1\sREG1\s0\\s0\s0\\s2\\s0\\s5\s0\\s2\\s0\\s5\s0\\s2\\s0\\s5\s0\\s0.5\\s5\s0\\s2\\s0\\s5 1\sREG1\s0\\s0\s0\\s2\\s0\\s5\s0\\s2\\s0\\s5\s0\\s2\\s0\\s5\s0\\s0.5\\s5\s0\\s2\\s0\\s5 0\s2\s5\s5 0\s0.5\s5 0\s2\s5\s5 0\s2\s5\s5 0\s2\s0\s5 0\s2\s0\s5 0\s2\s0\s5 1\sREG1\s0\\s0\s0\\s2\\s0\\s5\s0\\s2\\s0\\s5\s0\\s2\\s0\\s5\s0\\s0.5\\s5\s0\\s2\\s0\\s5 1\sREG1\s0\\s5\s0\\s2\\s0\\s5\s0\\s2\\s5\\s5\s0\\s2\\s5\\s5\s0\\s0.5\\s5\s0\\s2\\s5\\s5 1\sREG1\s0\\s5\s0\\s2\\s0\\s5\s0\\s2\\s5\\s5\s0\\s2\\s5\\s5\s0\\s0.5\\s5\s0\\s2\\s5\\s5
207 1392 64 1456 64 5 M2
207 1392 32 1456 32 5 M1
207 1392 0 1456 0 5 M0
r 1392 96 1520 96 0 1000
162 1520 96 1600 96 2 default-led 1 0 0 0.01
g 1600 96 1664 96 0 0
g 1600 128 1664 128 0 0
162 1520 128 1600 128 2 default-led 1 0 0 0.01
r 1392 128 1520 128 0 1000
g 1600 160 1664 160 0 0
162 1520 160 1600 160 2 default-led 1 0 0 0.01
r 1392 160 1520 160 0 1000
w 1296 32 1200 32 0
w 1200 32 1200 -176 0
w 976 -176 1200 -176 0
w 976 -144 1168 -144 0
w 1168 -144 1168 64 0
w 1168 64 1296 64 0
w 976 -112 1136 -112 0
w 1136 -112 1136 96 0
w 1136 96 1296 96 0
w 976 -80 1104 -80 0
w 1104 -80 1104 128 0
w 1104 128 1296 128 0
207 416 16 336 16 5 CLR-
207 416 448 336 448 5 CLR-
207 416 880 336 880 5 CLR-
207 416 -496 336 -496 5 CLR-
207 1360 -112 1360 -64 5 CLR-
207 1360 224 1360 272 5 CLR-
207 944 144 944 192 5 CLR-
g 416 -464 368 -464 0 0
w 416 -432 48 -432 0
w 416 -400 48 -400 0
w 416 -304 48 -304 0
w 416 -272 48 -272 0
w 416 -208 48 -208 0
w 416 -240 48 -240 0
w 416 -368 144 -368 0
w 416 -336 96 -336 0
w 144 -368 144 672 0
w 144 672 416 672 0
w 144 672 144 1104 0
w 144 1104 416 1104 0
w 96 -336 96 240 0
w 96 240 416 240 0
w 144 -368 48 -368 0
w 96 -336 48 -336 0
s -64 1008 48 1008 0 0 false
w 48 1008 416 1008 0
w 48 1040 416 1040 0
s -64 1040 48 1040 0 0 false
w 48 1072 416 1072 0
s -64 1072 48 1072 0 0 false
R -64 1008 -128 1008 0 0 40 5 0 0 0.5
R -64 1040 -128 1040 0 0 40 5 0 0 0.5
R -64 1072 -128 1072 0 0 40 5 0 0 0.5
207 96 240 16 240 5 D2
207 144 672 32 672 5 D3
w -48 -432 -48 -560 0
w -48 -400 -80 -400 0
w -48 -368 -112 -368 0
w -48 -336 -144 -336 0
w 976 -432 976 -560 0
w 976 -400 1008 -400 0
w 976 -368 1040 -368 0
w 976 -336 1072 -336 0
w -48 -560 976 -560 0
w -80 -400 -80 -592 0
w -80 -592 1008 -592 0
w 1008 -592 1008 -400 0
w 1040 -368 1040 -640 0
w 1040 -640 -112 -640 0
w -112 -640 -112 -368 0
w -144 -336 -144 -688 0
w -144 -688 1072 -688 0
w 1072 -688 1072 -336 0
207 1296 -336 1216 -336 5 D2
207 1296 0 1232 0 5 D3
207 1328 -112 1328 -64 5 CWB
207 1328 224 1328 272 5 CWB
207 912 144 912 192 5 CEX
207 448 304 448 352 5 CDC
207 448 736 448 784 5 CDC
207 448 1168 448 1216 5 CDC
207 416 -176 336 -176 5 CDC
207 -16 -144 -16 -96 5 CFE
207 16 -144 16 -96 5 CLR-
L 1360 608 1280 608 0 1 false 5 0
207 1360 608 1440 608 5 CLR-
207 1456 688 1536 688 5 CFE
207 1456 720 1536 720 5 CDC
207 1456 752 1536 752 5 CEX
207 1456 784 1536 784 5 CWB
. MUX_4X2 0 2 9 13 A0 29 0 2 A1 20 1 2 A2 11 2 2 A3 5 3 2 B0 33 4 2 B1 22 5 2 B2 13 6 2 B3 7 7 2 N 31 8 2 R0 38 0 3 R1 28 1 3 R2 19 2 3 R3 3 3 3 OrGateElm\s1\s2\s3\rAndGateElm\s4\s5\s2\rAndGateElm\s31\s7\s1\rInverterElm\s31\s4\rAndGateElm\s31\s13\s15\rAndGateElm\s18\s11\s16\rOrGateElm\s15\s16\s19\rAndGateElm\s31\s22\s24\rAndGateElm\s27\s20\s25\rOrGateElm\s24\s25\s28\rAndGateElm\s31\s33\s35\rAndGateElm\s37\s29\s36\rOrGateElm\s35\s36\s38\rInverterElm\s31\s18\rInverterElm\s31\s27\rInverterElm\s31\s37 0\\s2\\s0\\s5\s0\\s2\\s0\\s5\s0\\s2\\s0\\s5\s0\\s0.5\\s5\s0\\s2\\s0\\s5\s0\\s2\\s0\\s5\s0\\s2\\s0\\s5\s0\\s2\\s0\\s5\s0\\s2\\s0\\s5\s0\\s2\\s0\\s5\s0\\s2\\s0\\s5\s0\\s2\\s0\\s5\s0\\s2\\s0\\s5\s0\\s0.5\\s5\s0\\s0.5\\s5\s0\\s0.5\\s5
. REG4 0 2 7 11 A 3 2 2 B 12 3 2 C 20 4 2 CLK 1 0 1 CLR- 2 0 2 D 28 5 2 LD- 4 1 2 QA 5 2 3 QB 13 3 3 QC 21 4 3 QD 29 5 3 CustomCompositeElm\s1\s2\s3\s4\s5\rCustomCompositeElm\s1\s2\s12\s4\s13\rCustomCompositeElm\s1\s2\s20\s4\s21\rCustomCompositeElm\s1\s2\s28\s4\s29 1\\sREG1\\s0\\\\s0\\s0\\\\s2\\\\s0\\\\s5\\s0\\\\s2\\\\s0\\\\s5\\s0\\\\s2\\\\s0\\\\s5\\s0\\\\s0.5\\\\s5\\s0\\\\s2\\\\s0\\\\s5\s1\\sREG1\\s0\\\\s0\\s0\\\\s2\\\\s0\\\\s5\\s0\\\\s2\\\\s0\\\\s5\\s0\\\\s2\\\\s0\\\\s5\\s0\\\\s0.5\\\\s5\\s0\\\\s2\\\\s0\\\\s5\s1\\sREG1\\s0\\\\s0\\s0\\\\s2\\\\s0\\\\s5\\s0\\\\s2\\\\s0\\\\s5\\s0\\\\s2\\\\s0\\\\s5\\s0\\\\s0.5\\\\s5\\s0\\\\s2\\\\s0\\\\s5\s1\\sREG1\\s0\\\\s0\\s0\\\\s2\\\\s0\\\\s5\\s0\\\\s2\\\\s0\\\\s5\\s0\\\\s2\\\\s0\\\\s5\\s0\\\\s0.5\\\\s5\\s0\\\\s2\\\\s0\\\\s5
. ADD4 0 2 8 13 A0 8 0 2 A1 15 1 2 A2 11 2 2 A3 3 3 2 B0 9 4 2 B1 16 5 2 B2 12 6 2 B3 4 7 2 C 2 7 3 S0 6 0 3 S1 14 1 3 S2 10 2 3 S3 1 3 3 FullAdderElm\s1\s2\s3\s4\s5\rHalfAdderElm\s6\s7\s8\s9\rFullAdderElm\s10\s5\s11\s12\s13\rFullAdderElm\s14\s13\s15\s16\s7 0\s0\s0\s0
. ADD3 0 2 6 10 A0 3 0 2 A1 11 1 2 A2 7 2 2 B0 4 3 2 B1 12 4 2 B2 8 5 2 C 6 5 3 S0 1 0 3 S1 10 1 3 S2 5 2 3 HalfAdderElm\s1\s2\s3\s4\rFullAdderElm\s5\s6\s7\s8\s9\rFullAdderElm\s10\s9\s11\s12\s2 0\s0\s0
. EXE 0 2 18 31 A0 109 8 2 A1 113 9 2 A2 111 10 2 B0 110 11 2 B1 114 12 2 B2 112 13 2 CLK 26 0 1 CLR- 27 1 1 D0 5 0 2 D1 6 1 2 D2 7 2 2 D3 8 3 2 GWE 261 4 3 M0 121 14 2 M1 122 15 2 M2 123 16 2 MWE 269 8 3 OP0 88 4 2 OP1 78 5 2 OP2 82 6 2 OP3 81 7 2 PC0 29 0 3 PC1 30 1 3 PC2 31 2 3 PC3 32 3 3 QM0 225 9 3 QM1 223 10 3 QM2 221 11 3 R0 187 5 3 R1 197 6 3 R2 207 7 3 CustomCompositeElm\s62\s63\s64\s65\s5\s6\s7\s8\s9\s10\s11\s12\s13\rCustomCompositeElm\s10\s11\s12\s26\s27\s13\s28\s29\s30\s31\s32\rGroundElm\s28\rCustomCompositeElm\s29\s30\s31\s32\s59\s60\s60\s60\s61\s62\s63\s64\s65\rRailElm\s59\rGroundElm\s60\rAndGateElm\s77\s78\s79\s80\s9\rInverterElm\s81\s80\rInverterElm\s82\s79\rOrGateElm\s86\s87\s77\rInverterElm\s88\s87\rAndGateElm\s89\s88\s86\rCustomCompositeElm\s26\s27\s93\s94\s89\rNorGateElm\s81\s82\s78\s104\s94\rInverterElm\s88\s104\rNorGateElm\s106\s107\s108\s93\rXorGateElm\s109\s110\s106\rXorGateElm\s111\s112\s108\rXorGateElm\s113\s114\s107\rCustomCompositeElm\s121\s122\s123\s110\s114\s112\s88\s128\s129\s130\rCustomCompositeElm\s5\s6\s7\s143\s144\s145\s88\s147\s148\s149\rCustomCompositeElm\s128\s129\s130\s147\s148\s149\s78\s160\s161\s162\rCustomCompositeElm\s109\s113\s111\s110\s114\s112\s181\s143\s144\s145\rCustomCompositeElm\s26\s27\s160\s186\s187\rGroundElm\s186\rGroundElm\s194\rCustomCompositeElm\s26\s27\s161\s194\s197\rCustomCompositeElm\s26\s27\s162\s206\s207\rGroundElm\s206\rGroundElm\s227\rCustomCompositeElm\s26\s27\s111\s227\s221\rCustomCompositeElm\s26\s27\s113\s240\s223\rGroundElm\s240\rGroundElm\s247\rCustomCompositeElm\s26\s27\s109\s247\s225\rCustomCompositeElm\s26\s27\s81\s260\s261\rGroundElm\s260\rGroundElm\s271\rCustomCompositeElm\s26\s27\s82\s271\s269 1\\sMUX_4X2\\s0\\\\s2\\\\s0\\\\s5\\s0\\\\s2\\\\s0\\\\s5\\s0\\\\s2\\\\s0\\\\s5\\s0\\\\s0.5\\\\s5\\s0\\\\s2\\\\s0\\\\s5\\s0\\\\s2\\\\s0\\\\s5\\s0\\\\s2\\\\s0\\\\s5\\s0\\\\s2\\\\s0\\\\s5\\s0\\\\s2\\\\s0\\\\s5\\s0\\\\s2\\\\s0\\\\s5\\s0\\\\s2\\\\s0\\\\s5\\s0\\\\s2\\\\s0\\\\s5\\s0\\\\s2\\\\s0\\\\s5\\s0\\\\s0.5\\\\s5\\s0\\\\s0.5\\\\s5\\s0\\\\s0.5\\\\s5\s1\\sREG4\\s1\\\\sREG1\\\\s0\\\\\\\\s0\\\\s0\\\\\\\\s2\\\\\\\\s0\\\\\\\\s5\\\\s0\\\\\\\\s2\\\\\\\\s0\\\\\\\\s5\\\\s0\\\\\\\\s2\\\\\\\\s0\\\\\\\\s5\\\\s0\\\\\\\\s0.5\\\\\\\\s5\\\\s0\\\\\\\\s2\\\\\\\\s0\\\\\\\\s5\\s1\\\\sREG1\\\\s0\\\\\\\\s0\\\\s0\\\\\\\\s2\\\\\\\\s0\\\\\\\\s5\\\\s0\\\\\\\\s2\\\\\\\\s0\\\\\\\\s5\\\\s0\\\\\\\\s2\\\\\\\\s0\\\\\\\\s5\\\\s0\\\\\\\\s0.5\\\\\\\\s5\\\\s0\\\\\\\\s2\\\\\\\\s0\\\\\\\\s5\\s1\\\\sREG1\\\\s0\\\\\\\\s0\\\\s0\\\\\\\\s2\\\\\\\\s0\\\\\\\\s5\\\\s0\\\\\\\\s2\\\\\\\\s0\\\\\\\\s5\\\\s0\\\\\\\\s2\\\\\\\\s0\\\\\\\\s5\\\\s0\\\\\\\\s0.5\\\\\\\\s5\\\\s0\\\\\\\\s2\\\\\\\\s0\\\\\\\\s5\\s1\\\\sREG1\\\\s0\\\\\\\\s0\\\\s0\\\\\\\\s2\\\\\\\\s0\\\\\\\\s5\\\\s0\\\\\\\\s2\\\\\\\\s0\\\\\\\\s5\\\\s0\\\\\\\\s2\\\\\\\\s0\\\\\\\\s5\\\\s0\\\\\\\\s0.5\\\\\\\\s5\\\\s0\\\\\\\\s2\\\\\\\\s0\\\\\\\\s5\s0\\s0\s1\\sADD4\\s0\\s0\\s0\\s0\s0\\s0\\s40\\s5\\s0\\s0\\s0.5\s0\\s0\s0\\s4\\s0\\s5\s0\\s0.5\\s5\s0\\s0.5\\s5\s0\\s2\\s0\\s5\s0\\s0.5\\s5\s0\\s2\\s0\\s5\s1\\sREG1\\s0\\\\s0\\s0\\\\s2\\\\s0\\\\s5\\s0\\\\s2\\\\s0\\\\s5\\s0\\\\s2\\\\s0\\\\s5\\s0\\\\s0.5\\\\s5\\s0\\\\s2\\\\s0\\\\s5\s0\\s4\\s0\\s5\s0\\s0.5\\s5\s0\\s3\\s0\\s5\s0\\s2\\s0\\s5\s0\\s2\\s0\\s5\s0\\s2\\s0\\s5\s1\\sMUX_3X2\\s0\\\\s2\\\\s0\\\\s5\\s0\\\\s2\\\\s0\\\\s5\\s0\\\\s2\\\\s0\\\\s5\\s0\\\\s2\\\\s0\\\\s5\\s0\\\\s2\\\\s0\\\\s5\\s0\\\\s2\\\\s0\\\\s5\\s0\\\\s2\\\\s0\\\\s5\\s0\\\\s2\\\\s0\\\\s5\\s0\\\\s2\\\\s0\\\\s5\\s0\\\\s0.5\\\\s5\\s0\\\\s0.5\\\\s5\\s0\\\\s0.5\\\\s5\s1\\sMUX_3X2\\s0\\\\s2\\\\s0\\\\s5\\s0\\\\s2\\\\s0\\\\s5\\s0\\\\s2\\\\s0\\\\s5\\s0\\\\s2\\\\s0\\\\s5\\s0\\\\s2\\\\s0\\\\s5\\s0\\\\s2\\\\s0\\\\s5\\s0\\\\s2\\\\s0\\\\s5\\s0\\\\s2\\\\s0\\\\s5\\s0\\\\s2\\\\s0\\\\s5\\s0\\\\s0.5\\\\s5\\s0\\\\s0.5\\\\s5\\s0\\\\s0.5\\\\s5\s1\\sMUX_3X2\\s0\\\\s2\\\\s0\\\\s5\\s0\\\\s2\\\\s0\\\\s5\\s0\\\\s2\\\\s0\\\\s5\\s0\\\\s2\\\\s0\\\\s5\\s0\\\\s2\\\\s0\\\\s5\\s0\\\\s2\\\\s0\\\\s5\\s0\\\\s2\\\\s0\\\\s5\\s0\\\\s2\\\\s0\\\\s5\\s0\\\\s2\\\\s0\\\\s5\\s0\\\\s0.5\\\\s5\\s0\\\\s0.5\\\\s5\\s0\\\\s0.5\\\\s5\s1\\sADD3\\s0\\s0\\s0\s1\\sREG1\\s0\\\\s0\\s0\\\\s2\\\\s0\\\\s5\\s0\\\\s2\\\\s0\\\\s5\\s0\\\\s2\\\\s0\\\\s5\\s0\\\\s0.5\\\\s5\\s0\\\\s2\\\\s0\\\\s5\s0\\s0\s0\\s0\s1\\sREG1\\s0\\\\s0\\s0\\\\s2\\\\s0\\\\s5\\s0\\\\s2\\\\s0\\\\s5\\s0\\\\s2\\\\s0\\\\s5\\s0\\\\s0.5\\\\s5\\s0\\\\s2\\\\s0\\\\s5\s1\\sREG1\\s0\\\\s0\\s0\\\\s2\\\\s0\\\\s5\\s0\\\\s2\\\\s0\\\\s5\\s0\\\\s2\\\\s0\\\\s5\\s0\\\\s0.5\\\\s5\\s0\\\\s2\\\\s0\\\\s5\s0\\s0\s0\\s0\s1\\sREG1\\s0\\\\s0\\s0\\\\s2\\\\s0\\\\s5\\s0\\\\s2\\\\s0\\\\s5\\s0\\\\s2\\\\s0\\\\s5\\s0\\\\s0.5\\\\s5\\s0\\\\s2\\\\s0\\\\s5\s1\\sREG1\\s0\\\\s0\\s0\\\\s2\\\\s0\\\\s5\\s0\\\\s2\\\\s0\\\\s5\\s0\\\\s2\\\\s0\\\\s5\\s0\\\\s0.5\\\\s5\\s0\\\\s2\\\\s0\\\\s5\s0\\s0\s0\\s0\s1\\sREG1\\s0\\\\s0\\s0\\\\s2\\\\s0\\\\s5\\s0\\\\s2\\\\s0\\\\s5\\s0\\\\s2\\\\s0\\\\s5\\s0\\\\s0.5\\\\s5\\s0\\\\s2\\\\s0\\\\s5\s1\\sREG1\\s0\\\\s0\\s0\\\\s2\\\\s0\\\\s5\\s0\\\\s2\\\\s0\\\\s5\\s0\\\\s2\\\\s0\\\\s5\\s0\\\\s0.5\\\\s5\\s0\\\\s2\\\\s0\\\\s5\s0\\s0\s0\\s0\s1\\sREG1\\s0\\\\s0\\s0\\\\s2\\\\s0\\\\s5\\s0\\\\s2\\\\s0\\\\s5\\s0\\\\s2\\\\s0\\\\s5\\s0\\\\s0.5\\\\s5\\s0\\\\s2\\\\s0\\\\s5
410 880 -432 864 -320 1 EXE 1\sMUX_4X2\s0\\s2\\s5\\s5\s0\\s2\\s5\\s5\s0\\s2\\s0\\s5\s0\\s0.5\\s5\s0\\s2\\s0\\s5\s0\\s2\\s0\\s5\s0\\s2\\s0\\s5\s0\\s2\\s0\\s5\s0\\s2\\s5\\s5\s0\\s2\\s5\\s5\s0\\s2\\s0\\s5\s0\\s2\\s0\\s5\s0\\s2\\s0\\s5\s0\\s0.5\\s5\s0\\s0.5\\s5\s0\\s0.5\\s5 1\sREG4\s1\\sREG1\\s0\\\\s5\\s0\\\\s2\\\\s0\\\\s5\\s0\\\\s2\\\\s0\\\\s5\\s0\\\\s2\\\\s0\\\\s5\\s0\\\\s0.5\\\\s5\\s0\\\\s2\\\\s0\\\\s5\s1\\sREG1\\s0\\\\s0\\s0\\\\s2\\\\s0\\\\s5\\s0\\\\s2\\\\s5\\\\s5\\s0\\\\s2\\\\s5\\\\s5\\s0\\\\s0.5\\\\s5\\s0\\\\s2\\\\s5\\\\s5\s1\\sREG1\\s0\\\\s0\\s0\\\\s2\\\\s0\\\\s5\\s0\\\\s2\\\\s0\\\\s5\\s0\\\\s2\\\\s0\\\\s5\\s0\\\\s0.5\\\\s5\\s0\\\\s2\\\\s0\\\\s5\s1\\sREG1\\s0\\\\s5\\s0\\\\s2\\\\s0\\\\s5\\s0\\\\s2\\\\s5\\\\s5\\s0\\\\s2\\\\s5\\\\s5\\s0\\\\s0.5\\\\s5\\s0\\\\s2\\\\s5\\\\s5 0\s0 1\sADD4\s0\s0\s0\s0 0\s0\s40\s5\s0\s0\s0.5 0\s0 0\s4\s0\s5 0\s0.5\s5 0\s0.5\s5 0\s2\s5\s5 0\s0.5\s5 0\s2\s0\s5 1\sREG1\s0\\s0\s0\\s2\\s0\\s5\s0\\s2\\s0\\s5\s0\\s2\\s0\\s5\s0\\s0.5\\s5\s0\\s2\\s0\\s5 0\s4\s0\s5 0\s0.5\s5 0\s3\s0\s5 0\s2\s0\s5 0\s2\s0\s5 0\s2\s5\s5 1\sMUX_3X2\s0\\s2\\s0\\s5\s0\\s2\\s5\\s5\s0\\s2\\s5\\s5\s0\\s2\\s0\\s5\s0\\s2\\s5\\s5\s0\\s2\\s5\\s5\s0\\s2\\s0\\s5\s0\\s2\\s5\\s5\s0\\s2\\s5\\s5\s0\\s0.5\\s5\s0\\s0.5\\s5\s0\\s0.5\\s5 1\sMUX_3X2\s0\\s2\\s0\\s5\s0\\s2\\s5\\s5\s0\\s2\\s5\\s5\s0\\s2\\s0\\s5\s0\\s2\\s0\\s5\s0\\s2\\s0\\s5\s0\\s2\\s0\\s5\s0\\s2\\s0\\s5\s0\\s2\\s0\\s5\s0\\s0.5\\s5\s0\\s0.5\\s5\s0\\s0.5\\s5 1\sMUX_3X2\s0\\s2\\s0\\s5\s0\\s2\\s5\\s5\s0\\s2\\s5\\s5\s0\\s2\\s0\\s5\s0\\s2\\s5\\s5\s0\\s2\\s5\\s5\s0\\s2\\s0\\s5\s0\\s2\\s5\\s5\s0\\s2\\s5\\s5\s0\\s0.5\\s5\s0\\s0.5\\s5\s0\\s0.5\\s5 1\sADD3\s0\s0\s0 1\sREG1\s0\\s5\s0\\s2\\s0\\s5\s0\\s2\\s5\\s5\s0\\s2\\s5\\s5\s0\\s0.5\\s5\s0\\s2\\s5\\s5 0\s0 0\s0 1\sREG1\s0\\s5\s0\\s2\\s0\\s5\s0\\s2\\s5\\s5\s0\\s2\\s5\\s5\s0\\s0.5\\s5\s0\\s2\\s5\\s5 1\sREG1\s0\\s5\s0\\s2\\s0\\s5\s0\\s2\\s5\\s5\s0\\s2\\s5\\s5\s0\\s0.5\\s5\s0\\s2\\s5\\s5 0\s0 0\s0 1\sREG1\s0\\s0\s0\\s2\\s0\\s5\s0\\s2\\s0\\s5\s0\\s2\\s0\\s5\s0\\s0.5\\s5\s0\\s2\\s0\\s5 1\sREG1\s0\\s5\s0\\s2\\s0\\s5\s0\\s2\\s5\\s5\s0\\s2\\s5\\s5\s0\\s0.5\\s5\s0\\s2\\s5\\s5 0\s0 0\s0 1\sREG1\s0\\s5\s0\\s2\\s0\\s5\s0\\s2\\s5\\s5\s0\\s2\\s5\\s5\s0\\s0.5\\s5\s0\\s2\\s5\\s5 1\sREG1\s0\\s0\s0\\s2\\s0\\s5\s0\\s2\\s0\\s5\s0\\s2\\s0\\s5\s0\\s0.5\\s5\s0\\s2\\s0\\s5 0\s0 0\s0 1\sREG1\s0\\s5\s0\\s2\\s0\\s5\s0\\s2\\s5\\s5\s0\\s2\\s5\\s5\s0\\s0.5\\s5\s0\\s2\\s5\\s5
. REG8 0 2 11 19 A0 1 2 2 A1 2 3 2 A2 3 4 2 A3 6 5 2 A4 36 6 2 A5 37 7 2 A6 38 8 2 A7 41 9 2 B0 8 2 3 B1 9 3 3 B2 10 4 3 B3 11 5 3 B4 43 6 3 B5 44 7 3 B6 45 8 3 B7 46 9 3 CLK 4 10 2 CLR- 5 0 2 LD- 7 1 2 CustomCompositeElm\s1\s2\s3\s4\s5\s6\s7\s8\s9\s10\s11\rCustomCompositeElm\s36\s37\s38\s4\s5\s41\s7\s43\s44\s45\s46 1\\sREG4\\s1\\\\sREG1\\\\s0\\\\\\\\s0\\\\s0\\\\\\\\s2\\\\\\\\s0\\\\\\\\s5\\\\s0\\\\\\\\s2\\\\\\\\s0\\\\\\\\s5\\\\s0\\\\\\\\s2\\\\\\\\s0\\\\\\\\s5\\\\s0\\\\\\\\s0.5\\\\\\\\s5\\\\s0\\\\\\\\s2\\\\\\\\s0\\\\\\\\s5\\s1\\\\sREG1\\\\s0\\\\\\\\s0\\\\s0\\\\\\\\s2\\\\\\\\s0\\\\\\\\s5\\\\s0\\\\\\\\s2\\\\\\\\s0\\\\\\\\s5\\\\s0\\\\\\\\s2\\\\\\\\s0\\\\\\\\s5\\\\s0\\\\\\\\s0.5\\\\\\\\s5\\\\s0\\\\\\\\s2\\\\\\\\s0\\\\\\\\s5\\s1\\\\sREG1\\\\s0\\\\\\\\s0\\\\s0\\\\\\\\s2\\\\\\\\s0\\\\\\\\s5\\\\s0\\\\\\\\s2\\\\\\\\s0\\\\\\\\s5\\\\s0\\\\\\\\s2\\\\\\\\s0\\\\\\\\s5\\\\s0\\\\\\\\s0.5\\\\\\\\s5\\\\s0\\\\\\\\s2\\\\\\\\s0\\\\\\\\s5\\s1\\\\sREG1\\\\s0\\\\\\\\s0\\\\s0\\\\\\\\s2\\\\\\\\s0\\\\\\\\s5\\\\s0\\\\\\\\s2\\\\\\\\s0\\\\\\\\s5\\\\s0\\\\\\\\s2\\\\\\\\s0\\\\\\\\s5\\\\s0\\\\\\\\s0.5\\\\\\\\s5\\\\s0\\\\\\\\s2\\\\\\\\s0\\\\\\\\s5\s1\\sREG4\\s1\\\\sREG1\\\\s0\\\\\\\\s0\\\\s0\\\\\\\\s2\\\\\\\\s0\\\\\\\\s5\\\\s0\\\\\\\\s2\\\\\\\\s0\\\\\\\\s5\\\\s0\\\\\\\\s2\\\\\\\\s0\\\\\\\\s5\\\\s0\\\\\\\\s0.5\\\\\\\\s5\\\\s0\\\\\\\\s2\\\\\\\\s0\\\\\\\\s5\\s1\\\\sREG1\\\\s0\\\\\\\\s0\\\\s0\\\\\\\\s2\\\\\\\\s0\\\\\\\\s5\\\\s0\\\\\\\\s2\\\\\\\\s0\\\\\\\\s5\\\\s0\\\\\\\\s2\\\\\\\\s0\\\\\\\\s5\\\\s0\\\\\\\\s0.5\\\\\\\\s5\\\\s0\\\\\\\\s2\\\\\\\\s0\\\\\\\\s5\\s1\\\\sREG1\\\\s0\\\\\\\\s0\\\\s0\\\\\\\\s2\\\\\\\\s0\\\\\\\\s5\\\\s0\\\\\\\\s2\\\\\\\\s0\\\\\\\\s5\\\\s0\\\\\\\\s2\\\\\\\\s0\\\\\\\\s5\\\\s0\\\\\\\\s0.5\\\\\\\\s5\\\\s0\\\\\\\\s2\\\\\\\\s0\\\\\\\\s5\\s1\\\\sREG1\\\\s0\\\\\\\\s0\\\\s0\\\\\\\\s2\\\\\\\\s0\\\\\\\\s5\\\\s0\\\\\\\\s2\\\\\\\\s0\\\\\\\\s5\\\\s0\\\\\\\\s2\\\\\\\\s0\\\\\\\\s5\\\\s0\\\\\\\\s0.5\\\\\\\\s5\\\\s0\\\\\\\\s2\\\\\\\\s0\\\\\\\\s5
. FET 0 2 9 14 CLK 35 0 1 CLR- 36 1 1 D0 34 0 3 D1 33 1 3 D2 32 2 3 D3 31 3 3 OP0 30 4 3 OP1 29 5 3 OP2 28 6 3 OP3 27 7 3 PC0 6 0 2 PC1 5 1 2 PC2 4 2 2 PC3 3 3 2 SRAMElm\s1\s2\s3\s4\s5\s6\s7\s8\s9\s10\s11\s12\s13\s14\rRailElm\s1\rGroundElm\s2\rCustomCompositeElm\s7\s8\s9\s10\s11\s12\s13\s14\s27\s28\s29\s30\s31\s32\s33\s34\s35\s36\s37\rGroundElm\s37\rLogicInputElm\s96\rLogicInputElm\s97\rLogicInputElm\s98\rLogicInputElm\s99\rRailElm\s100\rLogicInputElm\s101 0\\s4\\s8\\s0\\s161\\s169\\s68\\s180\\s68\\s180\\s68\\s180\\s68\\s180\\s68\\s180\\s68\\s180\\s68\\s180\\s-1\\s-2\s0\\s0\\s40\\s5\\s0\\s0\\s0.5\s0\\s0\s1\\sREG8\\s1\\\\sREG4\\\\s1\\\\\\\\sREG1\\\\\\\\s0\\\\\\\\\\\\\\\\s0\\\\\\\\s0\\\\\\\\\\\\\\\\s2\\\\\\\\\\\\\\\\s0\\\\\\\\\\\\\\\\s5\\\\\\\\s0\\\\\\\\\\\\\\\\s2\\\\\\\\\\\\\\\\s5\\\\\\\\\\\\\\\\s5\\\\\\\\s0\\\\\\\\\\\\\\\\s2\\\\\\\\\\\\\\\\s5\\\\\\\\\\\\\\\\s5\\\\\\\\s0\\\\\\\\\\\\\\\\s0.5\\\\\\\\\\\\\\\\s5\\\\\\\\s0\\\\\\\\\\\\\\\\s2\\\\\\\\\\\\\\\\s0\\\\\\\\\\\\\\\\s5\\\\s1\\\\\\\\sREG1\\\\\\\\s0\\\\\\\\\\\\\\\\s0\\\\\\\\s0\\\\\\\\\\\\\\\\s2\\\\\\\\\\\\\\\\s0\\\\\\\\\\\\\\\\s5\\\\\\\\s0\\\\\\\\\\\\\\\\s2\\\\\\\\\\\\\\\\s0\\\\\\\\\\\\\\\\s5\\\\\\\\s0\\\\\\\\\\\\\\\\s2\\\\\\\\\\\\\\\\s0\\\\\\\\\\\\\\\\s5\\\\\\\\s0\\\\\\\\\\\\\\\\s0.5\\\\\\\\\\\\\\\\s5\\\\\\\\s0\\\\\\\\\\\\\\\\s2\\\\\\\\\\\\\\\\s0\\\\\\\\\\\\\\\\s5\\\\s1\\\\\\\\sREG1\\\\\\\\s0\\\\\\\\\\\\\\\\s0\\\\\\\\s0\\\\\\\\\\\\\\\\s2\\\\\\\\\\\\\\\\s0\\\\\\\\\\\\\\\\s5\\\\\\\\s0\\\\\\\\\\\\\\\\s2\\\\\\\\\\\\\\\\s5\\\\\\\\\\\\\\\\s5\\\\\\\\s0\\\\\\\\\\\\\\\\s2\\\\\\\\\\\\\\\\s5\\\\\\\\\\\\\\\\s5\\\\\\\\s0\\\\\\\\\\\\\\\\s0.5\\\\\\\\\\\\\\\\s5\\\\\\\\s0\\\\\\\\\\\\\\\\s2\\\\\\\\\\\\\\\\s0\\\\\\\\\\\\\\\\s5\\\\s1\\\\\\\\sREG1\\\\\\\\s0\\\\\\\\\\\\\\\\s0\\\\\\\\s0\\\\\\\\\\\\\\\\s2\\\\\\\\\\\\\\\\s0\\\\\\\\\\\\\\\\s5\\\\\\\\s0\\\\\\\\\\\\\\\\s2\\\\\\\\\\\\\\\\s0\\\\\\\\\\\\\\\\s5\\\\\\\\s0\\\\\\\\\\\\\\\\s2\\\\\\\\\\\\\\\\s0\\\\\\\\\\\\\\\\s5\\\\\\\\s0\\\\\\\\\\\\\\\\s0.5\\\\\\\\\\\\\\\\s5\\\\\\\\s0\\\\\\\\\\\\\\\\s2\\\\\\\\\\\\\\\\s0\\\\\\\\\\\\\\\\s5\\s1\\\\sREG4\\\\s1\\\\\\\\sREG1\\\\\\\\s0\\\\\\\\\\\\\\\\s0\\\\\\\\s0\\\\\\\\\\\\\\\\s2\\\\\\\\\\\\\\\\s0\\\\\\\\\\\\\\\\s5\\\\\\\\s0\\\\\\\\\\\\\\\\s2\\\\\\\\\\\\\\\\s0\\\\\\\\\\\\\\\\s5\\\\\\\\s0\\\\\\\\\\\\\\\\s2\\\\\\\\\\\\\\\\s0\\\\\\\\\\\\\\\\s5\\\\\\\\s0\\\\\\\\\\\\\\\\s0.5\\\\\\\\\\\\\\\\s5\\\\\\\\s0\\\\\\\\\\\\\\\\s2\\\\\\\\\\\\\\\\s0\\\\\\\\\\\\\\\\s5\\\\s1\\\\\\\\sREG1\\\\\\\\s0\\\\\\\\\\\\\\\\s0\\\\\\\\s0\\\\\\\\\\\\\\\\s2\\\\\\\\\\\\\\\\s0\\\\\\\\\\\\\\\\s5\\\\\\\\s0\\\\\\\\\\\\\\\\s2\\\\\\\\\\\\\\\\s0\\\\\\\\\\\\\\\\s5\\\\\\\\s0\\\\\\\\\\\\\\\\s2\\\\\\\\\\\\\\\\s0\\\\\\\\\\\\\\\\s5\\\\\\\\s0\\\\\\\\\\\\\\\\s0.5\\\\\\\\\\\\\\\\s5\\\\\\\\s0\\\\\\\\\\\\\\\\s2\\\\\\\\\\\\\\\\s0\\\\\\\\\\\\\\\\s5\\\\s1\\\\\\\\sREG1\\\\\\\\s0\\\\\\\\\\\\\\\\s0\\\\\\\\s0\\\\\\\\\\\\\\\\s2\\\\\\\\\\\\\\\\s0\\\\\\\\\\\\\\\\s5\\\\\\\\s0\\\\\\\\\\\\\\\\s2\\\\\\\\\\\\\\\\s0\\\\\\\\\\\\\\\\s5\\\\\\\\s0\\\\\\\\\\\\\\\\s2\\\\\\\\\\\\\\\\s0\\\\\\\\\\\\\\\\s5\\\\\\\\s0\\\\\\\\\\\\\\\\s0.5\\\\\\\\\\\\\\\\s5\\\\\\\\s0\\\\\\\\\\\\\\\\s2\\\\\\\\\\\\\\\\s0\\\\\\\\\\\\\\\\s5\\\\s1\\\\\\\\sREG1\\\\\\\\s0\\\\\\\\\\\\\\\\s0\\\\\\\\s0\\\\\\\\\\\\\\\\s2\\\\\\\\\\\\\\\\s0\\\\\\\\\\\\\\\\s5\\\\\\\\s0\\\\\\\\\\\\\\\\s2\\\\\\\\\\\\\\\\s5\\\\\\\\\\\\\\\\s5\\\\\\\\s0\\\\\\\\\\\\\\\\s2\\\\\\\\\\\\\\\\s5\\\\\\\\\\\\\\\\s5\\\\\\\\s0\\\\\\\\\\\\\\\\s0.5\\\\\\\\\\\\\\\\s5\\\\\\\\s0\\\\\\\\\\\\\\\\s2\\\\\\\\\\\\\\\\s0\\\\\\\\\\\\\\\\s5\s0\\s0\s0\\s0\\sfalse\\s5\\s0\s0\\s0\\sfalse\\s5\\s0\s0\\s0\\sfalse\\s5\\s0\s0\\s0\\sfalse\\s5\\s0\s0\\s0\\s40\\s5\\s0\\s0\\s0.5\s0\\s1\\sfalse\\s5\\s0
410 -48 -432 -48 -416 1 FET 0\s4\s8\s0\s161\s169\s68\s180\s68\s180\s68\s180\s68\s180\s68\s180\s68\s180\s68\s180\s-1\s-2 0\s0\s40\s5\s0\s0\s0.5 0\s0 1\sREG8\s1\\sREG4\\s1\\\\sREG1\\\\s0\\\\\\\\s0\\\\s0\\\\\\\\s2\\\\\\\\s0\\\\\\\\s5\\\\s0\\\\\\\\s2\\\\\\\\s5\\\\\\\\s5\\\\s0\\\\\\\\s2\\\\\\\\s5\\\\\\\\s5\\\\s0\\\\\\\\s0.5\\\\\\\\s5\\\\s0\\\\\\\\s2\\\\\\\\s5\\\\\\\\s5\\s1\\\\sREG1\\\\s0\\\\\\\\s5\\\\s0\\\\\\\\s2\\\\\\\\s0\\\\\\\\s5\\\\s0\\\\\\\\s2\\\\\\\\s0\\\\\\\\s5\\\\s0\\\\\\\\s2\\\\\\\\s0\\\\\\\\s5\\\\s0\\\\\\\\s0.5\\\\\\\\s5\\\\s0\\\\\\\\s2\\\\\\\\s0\\\\\\\\s5\\s1\\\\sREG1\\\\s0\\\\\\\\s0\\\\s0\\\\\\\\s2\\\\\\\\s0\\\\\\\\s5\\\\s0\\\\\\\\s2\\\\\\\\s5\\\\\\\\s5\\\\s0\\\\\\\\s2\\\\\\\\s5\\\\\\\\s5\\\\s0\\\\\\\\s0.5\\\\\\\\s5\\\\s0\\\\\\\\s2\\\\\\\\s5\\\\\\\\s5\\s1\\\\sREG1\\\\s0\\\\\\\\s0\\\\s0\\\\\\\\s2\\\\\\\\s0\\\\\\\\s5\\\\s0\\\\\\\\s2\\\\\\\\s5\\\\\\\\s5\\\\s0\\\\\\\\s2\\\\\\\\s5\\\\\\\\s5\\\\s0\\\\\\\\s0.5\\\\\\\\s5\\\\s0\\\\\\\\s2\\\\\\\\s5\\\\\\\\s5\s1\\sREG4\\s1\\\\sREG1\\\\s0\\\\\\\\s0\\\\s0\\\\\\\\s2\\\\\\\\s0\\\\\\\\s5\\\\s0\\\\\\\\s2\\\\\\\\s0\\\\\\\\s5\\\\s0\\\\\\\\s2\\\\\\\\s0\\\\\\\\s5\\\\s0\\\\\\\\s0.5\\\\\\\\s5\\\\s0\\\\\\\\s2\\\\\\\\s0\\\\\\\\s5\\s1\\\\sREG1\\\\s0\\\\\\\\s5\\\\s0\\\\\\\\s2\\\\\\\\s0\\\\\\\\s5\\\\s0\\\\\\\\s2\\\\\\\\s5\\\\\\\\s5\\\\s0\\\\\\\\s2\\\\\\\\s5\\\\\\\\s5\\\\s0\\\\\\\\s0.5\\\\\\\\s5\\\\s0\\\\\\\\s2\\\\\\\\s5\\\\\\\\s5\\s1\\\\sREG1\\\\s0\\\\\\\\s0\\\\s0\\\\\\\\s2\\\\\\\\s0\\\\\\\\s5\\\\s0\\\\\\\\s2\\\\\\\\s0\\\\\\\\s5\\\\s0\\\\\\\\s2\\\\\\\\s0\\\\\\\\s5\\\\s0\\\\\\\\s0.5\\\\\\\\s5\\\\s0\\\\\\\\s2\\\\\\\\s0\\\\\\\\s5\\s1\\\\sREG1\\\\s0\\\\\\\\s0\\\\s0\\\\\\\\s2\\\\\\\\s0\\\\\\\\s5\\\\s0\\\\\\\\s2\\\\\\\\s0\\\\\\\\s5\\\\s0\\\\\\\\s2\\\\\\\\s0\\\\\\\\s5\\\\s0\\\\\\\\s0.5\\\\\\\\s5\\\\s0\\\\\\\\s2\\\\\\\\s0\\\\\\\\s5 0\s0 0\s0\sfalse\s5\s0 0\s0\sfalse\s5\s0 0\s0\sfalse\s5\s0 0\s0\sfalse\s5\s0 0\s0\s40\s5\s0\s0\s0.5 0\s1\sfalse\s5\s0
410 416 -496 416 -288 1 REG8 1\sREG4\s1\\sREG1\\s0\\\\s0\\s0\\\\s2\\\\s0\\\\s5\\s0\\\\s2\\\\s0\\\\s5\\s0\\\\s2\\\\s0\\\\s5\\s0\\\\s0.5\\\\s5\\s0\\\\s2\\\\s0\\\\s5\s1\\sREG1\\s0\\\\s0\\s0\\\\s2\\\\s0\\\\s5\\s0\\\\s2\\\\s0\\\\s5\\s0\\\\s2\\\\s0\\\\s5\\s0\\\\s0.5\\\\s5\\s0\\\\s2\\\\s0\\\\s5\s1\\sREG1\\s0\\\\s5\\s0\\\\s2\\\\s0\\\\s5\\s0\\\\s2\\\\s5\\\\s5\\s0\\\\s2\\\\s5\\\\s5\\s0\\\\s0.5\\\\s5\\s0\\\\s2\\\\s5\\\\s5\s1\\sREG1\\s0\\\\s0\\s0\\\\s2\\\\s0\\\\s5\\s0\\\\s2\\\\s0\\\\s5\\s0\\\\s2\\\\s0\\\\s5\\s0\\\\s0.5\\\\s5\\s0\\\\s2\\\\s0\\\\s5 1\sREG4\s1\\sREG1\\s0\\\\s0\\s0\\\\s2\\\\s0\\\\s5\\s0\\\\s2\\\\s0\\\\s5\\s0\\\\s2\\\\s0\\\\s5\\s0\\\\s0.5\\\\s5\\s0\\\\s2\\\\s0\\\\s5\s1\\sREG1\\s0\\\\s0\\s0\\\\s2\\\\s0\\\\s5\\s0\\\\s2\\\\s0\\\\s5\\s0\\\\s2\\\\s0\\\\s5\\s0\\\\s0.5\\\\s5\\s0\\\\s2\\\\s0\\\\s5\s1\\sREG1\\s0\\\\s5\\s0\\\\s2\\\\s0\\\\s5\\s0\\\\s2\\\\s5\\\\s5\\s0\\\\s2\\\\s5\\\\s5\\s0\\\\s0.5\\\\s5\\s0\\\\s2\\\\s5\\\\s5\s1\\sREG1\\s0\\\\s0\\s0\\\\s2\\\\s0\\\\s5\\s0\\\\s2\\\\s0\\\\s5\\s0\\\\s2\\\\s0\\\\s5\\s0\\\\s0.5\\\\s5\\s0\\\\s2\\\\s0\\\\s5
R 1360 688 1280 688 1 2 1 2.5 2.5 0 0.5
. CLK_GEN 0 2 4 5 CDC 60 1 3 CEX 62 2 3 CFE 58 0 3 CLK 24 0 2 CWB 56 3 3 OrGateElm\s1\s2\s3\rOrGateElm\s1\s5\s6\rHalfAdderElm\s7\s8\s3\s9\rFullAdderElm\s10\s11\s6\s12\s8\rRailElm\s9\rGroundElm\s12\rAndGateElm\s16\s17\s18\rAndGateElm\s7\s19\s20\rInverterElm\s10\s17\rInverterElm\s7\s16\rInverterElm\s10\s19\rInverterElm\s7\s21\rAndGateElm\s7\s10\s22\rAndGateElm\s21\s10\s23\rCustomCompositeElm\s18\s20\s23\s24\s25\s22\s26\s27\s2\s5\s1\rGroundElm\s26\rInverterElm\s27\s64\rInverterElm\s64\s56\rInverterElm\s2\s65\rInverterElm\s65\s58\rInverterElm\s66\s62\rInverterElm\s1\s66\rInverterElm\s67\s60\rInverterElm\s5\s67\rRailElm\s25 0\\s2\\s0\\s5\s0\\s2\\s0\\s5\s0\s0\s0\\s0\\s40\\s5\\s0\\s0\\s0.5\s0\\s0\s0\\s2\\s0\\s5\s0\\s2\\s0\\s5\s0\\s0.5\\s5\s0\\s0.5\\s5\s0\\s0.5\\s5\s0\\s0.5\\s5\s0\\s2\\s0\\s5\s0\\s2\\s0\\s5\s1\\sREG4\\s1\\\\sREG1\\\\s0\\\\\\\\s0\\\\s0\\\\\\\\s2\\\\\\\\s0\\\\\\\\s5\\\\s0\\\\\\\\s2\\\\\\\\s0\\\\\\\\s5\\\\s0\\\\\\\\s2\\\\\\\\s0\\\\\\\\s5\\\\s0\\\\\\\\s0.5\\\\\\\\s5\\\\s0\\\\\\\\s2\\\\\\\\s0\\\\\\\\s5\\s1\\\\sREG1\\\\s0\\\\\\\\s0\\\\s0\\\\\\\\s2\\\\\\\\s0\\\\\\\\s5\\\\s0\\\\\\\\s2\\\\\\\\s0\\\\\\\\s5\\\\s0\\\\\\\\s2\\\\\\\\s0\\\\\\\\s5\\\\s0\\\\\\\\s0.5\\\\\\\\s5\\\\s0\\\\\\\\s2\\\\\\\\s0\\\\\\\\s5\\s1\\\\sREG1\\\\s0\\\\\\\\s0\\\\s0\\\\\\\\s2\\\\\\\\s0\\\\\\\\s5\\\\s0\\\\\\\\s2\\\\\\\\s0\\\\\\\\s5\\\\s0\\\\\\\\s2\\\\\\\\s0\\\\\\\\s5\\\\s0\\\\\\\\s0.5\\\\\\\\s5\\\\s0\\\\\\\\s2\\\\\\\\s0\\\\\\\\s5\\s1\\\\sREG1\\\\s0\\\\\\\\s0\\\\s0\\\\\\\\s2\\\\\\\\s0\\\\\\\\s5\\\\s0\\\\\\\\s2\\\\\\\\s0\\\\\\\\s5\\\\s0\\\\\\\\s2\\\\\\\\s0\\\\\\\\s5\\\\s0\\\\\\\\s0.5\\\\\\\\s5\\\\s0\\\\\\\\s2\\\\\\\\s0\\\\\\\\s5\s0\\s0\s0\\s0.5\\s5\s0\\s0.5\\s5\s0\\s0.5\\s5\s0\\s0.5\\s5\s0\\s0.5\\s5\s0\\s0.5\\s5\s0\\s0.5\\s5\s0\\s0.5\\s5\s0\\s0\\s40\\s5\\s0\\s0\\s0.5
410 1360 688 1360 752 1 CLK_GEN 0\s2\s5\s5 0\s2\s0\s5 0 0 0\s0\s40\s5\s0\s0\s0.5 0\s0 0\s2\s0\s5 0\s2\s5\s5 0\s0.5\s5 0\s0.5\s5 0\s0.5\s5 0\s0.5\s5 0\s2\s0\s5 0\s2\s0\s5 1\sREG4\s1\\sREG1\\s0\\\\s0\\s0\\\\s2\\\\s0\\\\s5\\s0\\\\s2\\\\s0\\\\s5\\s0\\\\s2\\\\s0\\\\s5\\s0\\\\s0.5\\\\s5\\s0\\\\s2\\\\s0\\\\s5\s1\\sREG1\\s0\\\\s5\\s0\\\\s2\\\\s0\\\\s5\\s0\\\\s2\\\\s5\\\\s5\\s0\\\\s2\\\\s5\\\\s5\\s0\\\\s0.5\\\\s5\\s0\\\\s2\\\\s5\\\\s5\s1\\sREG1\\s0\\\\s0\\s0\\\\s2\\\\s0\\\\s5\\s0\\\\s2\\\\s0\\\\s5\\s0\\\\s2\\\\s0\\\\s5\\s0\\\\s0.5\\\\s5\\s0\\\\s2\\\\s0\\\\s5\s1\\sREG1\\s0\\\\s0\\s0\\\\s2\\\\s0\\\\s5\\s0\\\\s2\\\\s0\\\\s5\\s0\\\\s2\\\\s0\\\\s5\\s0\\\\s0.5\\\\s5\\s0\\\\s2\\\\s0\\\\s5 0\s0 0\s0.5\s5 0\s0.5\s5 0\s0.5\s5 0\s0.5\s5 0\s0.5\s5 0\s0.5\s5 0\s0.5\s5 0\s0.5\s5 0\s0\s40\s5\s0\s0\s0.5
