$ 1 0.000005 10.20027730826997 50 5 50 5e-11
x 939 -428 973 -425 4 24 DC
. MUX_3X2 0 2 7 10 A0 22 0 2 A1 12 1 2 A2 1 2 2 B0 25 3 2 B1 15 4 2 B2 5 5 2 N 3 6 2 R0 31 0 3 R1 21 1 3 R2 11 2 3 AndGateElm\s3\s5\s8\rAndGateElm\s10\s1\s9\rOrGateElm\s8\s9\s11\rAndGateElm\s3\s15\s18\rAndGateElm\s20\s12\s19\rOrGateElm\s18\s19\s21\rAndGateElm\s3\s25\s28\rAndGateElm\s30\s22\s29\rOrGateElm\s28\s29\s31\rInverterElm\s3\s10\rInverterElm\s3\s20\rInverterElm\s3\s30 0\\s2\\s0\\s5\s0\\s2\\s0\\s5\s0\\s2\\s0\\s5\s0\\s2\\s0\\s5\s0\\s2\\s0\\s5\s0\\s2\\s0\\s5\s0\\s2\\s0\\s5\s0\\s2\\s0\\s5\s0\\s2\\s0\\s5\s0\\s0.5\\s5\s0\\s0.5\\s5\s0\\s0.5\\s5
410 720 96 736 112 1 MUX_3X2 0\s2\s0\s5 0\s2\s0\s5 0\s2\s0\s5 0\s2\s0\s5 0\s2\s0\s5 0\s2\s0\s5 0\s2\s0\s5 0\s2\s0\s5 0\s2\s0\s5 0\s0.5\s5 0\s0.5\s5 0\s0.5\s5
. REG1 0 2 4 5 CLK 4 3 2 CLR- 15 0 2 D 7 2 2 LD- 5 1 2 Q 2 0 3 DFlipFlopElm\s1\s2\s3\s4\rAndGateElm\s5\s2\s9\rAndGateElm\s7\s10\s11\rOrGateElm\s11\s9\s12\rInverterElm\s5\s10\rAndGateElm\s15\s12\s1 0\\s0\s0\\s2\\s0\\s5\s0\\s2\\s0\\s5\s0\\s2\\s0\\s5\s0\\s0.5\\s5\s0\\s2\\s0\\s5
410 1072 32 1088 48 1 REG1 0\s0 0\s2\s0\s5 0\s2\s0\s5 0\s2\s0\s5 0\s0.5\s5 0\s2\s0\s5
410 1072 176 1088 192 1 REG1 0\s0 0\s2\s0\s5 0\s2\s0\s5 0\s2\s0\s5 0\s0.5\s5 0\s2\s0\s5
410 1072 320 1088 336 1 REG1 0\s0 0\s2\s0\s5 0\s2\s0\s5 0\s2\s0\s5 0\s0.5\s5 0\s2\s0\s5
w 816 96 1072 96 0
207 1072 128 1008 128 4 CLK
207 1072 272 1008 272 4 CLK
207 1072 416 1008 416 4 CLK
207 1072 320 1008 320 4 CLR-
207 1072 176 1008 176 4 CLR-
207 1072 32 1008 32 4 CLR-
g 1072 64 1024 64 0 0
g 1072 208 1024 208 0 0
g 1072 352 1024 352 0 0
w 816 128 944 128 0
w 944 128 944 240 0
w 944 240 1072 240 0
w 816 160 896 160 0
w 896 160 896 384 0
w 896 384 1072 384 0
207 720 96 640 96 4 A0
207 720 128 640 128 4 A1
207 720 192 640 192 4 B0
207 720 160 640 160 4 A2
207 720 288 640 288 4 N
207 720 256 640 256 4 B2
207 720 224 640 224 4 B1
207 1168 32 1248 32 4 R0
207 1168 176 1248 176 4 R1
207 1168 320 1248 320 4 R2
b 576 -48 1363 489 0
. DC 0 2 9 12 A0 1 1 2 A1 2 2 2 A2 3 3 2 B0 4 4 2 B1 5 5 2 B2 6 6 2 CLK 20 0 1 CLR- 41 0 2 N 7 7 2 R0 23 0 3 R1 33 1 3 R2 43 2 3 CustomCompositeElm\s1\s2\s3\s4\s5\s6\s7\s8\s9\s10\rCustomCompositeElm\s20\s41\s8\s22\s23\rCustomCompositeElm\s20\s41\s9\s32\s33\rCustomCompositeElm\s20\s41\s10\s42\s43\rGroundElm\s22\rGroundElm\s32\rGroundElm\s42 1\\sMUX_3X2\\s0\\\\s2\\\\s0\\\\s5\\s0\\\\s2\\\\s0\\\\s5\\s0\\\\s2\\\\s0\\\\s5\\s0\\\\s2\\\\s0\\\\s5\\s0\\\\s2\\\\s0\\\\s5\\s0\\\\s2\\\\s0\\\\s5\\s0\\\\s2\\\\s0\\\\s5\\s0\\\\s2\\\\s0\\\\s5\\s0\\\\s2\\\\s0\\\\s5\\s0\\\\s0.5\\\\s5\\s0\\\\s0.5\\\\s5\\s0\\\\s0.5\\\\s5\s1\\sREG1\\s0\\\\s0\\s0\\\\s2\\\\s0\\\\s5\\s0\\\\s2\\\\s0\\\\s5\\s0\\\\s2\\\\s0\\\\s5\\s0\\\\s0.5\\\\s5\\s0\\\\s2\\\\s0\\\\s5\s1\\sREG1\\s0\\\\s0\\s0\\\\s2\\\\s0\\\\s5\\s0\\\\s2\\\\s0\\\\s5\\s0\\\\s2\\\\s0\\\\s5\\s0\\\\s0.5\\\\s5\\s0\\\\s2\\\\s0\\\\s5\s1\\sREG1\\s0\\\\s0\\s0\\\\s2\\\\s0\\\\s5\\s0\\\\s2\\\\s0\\\\s5\\s0\\\\s2\\\\s0\\\\s5\\s0\\\\s0.5\\\\s5\\s0\\\\s2\\\\s0\\\\s5\s0\\s0\s0\\s0\s0\\s0
410 912 -384 944 -368 1 DC 1\sMUX_3X2\s0\\s2\\s0\\s5\s0\\s2\\s0\\s5\s0\\s2\\s0\\s5\s0\\s2\\s0\\s5\s0\\s2\\s0\\s5\s0\\s2\\s0\\s5\s0\\s2\\s0\\s5\s0\\s2\\s0\\s5\s0\\s2\\s0\\s5\s0\\s0.5\\s5\s0\\s0.5\\s5\s0\\s0.5\\s5 1\sREG1\s0\\s0\s0\\s2\\s0\\s5\s0\\s2\\s0\\s5\s0\\s2\\s0\\s5\s0\\s0.5\\s5\s0\\s2\\s0\\s5 1\sREG1\s0\\s0\s0\\s2\\s0\\s5\s0\\s2\\s0\\s5\s0\\s2\\s0\\s5\s0\\s0.5\\s5\s0\\s2\\s0\\s5 1\sREG1\s0\\s0\s0\\s2\\s0\\s5\s0\\s2\\s0\\s5\s0\\s2\\s0\\s5\s0\\s0.5\\s5\s0\\s2\\s0\\s5 0\s0 0\s0 0\s0
