$ 1 0.000005 10.20027730826997 50 5 50 5e-11
x 1169 -679 1270 -676 4 24 PCOUNT
. MUX_4X2 0 2 9 13 A0 29 0 2 A1 20 1 2 A2 11 2 2 A3 5 3 2 B0 33 4 2 B1 22 5 2 B2 13 6 2 B3 7 7 2 N 31 8 2 R0 38 0 3 R1 28 1 3 R2 19 2 3 R3 3 3 3 OrGateElm\s1\s2\s3\rAndGateElm\s4\s5\s2\rAndGateElm\s31\s7\s1\rInverterElm\s31\s4\rAndGateElm\s31\s13\s15\rAndGateElm\s18\s11\s16\rOrGateElm\s15\s16\s19\rAndGateElm\s31\s22\s24\rAndGateElm\s27\s20\s25\rOrGateElm\s24\s25\s28\rAndGateElm\s31\s33\s35\rAndGateElm\s37\s29\s36\rOrGateElm\s35\s36\s38\rInverterElm\s31\s18\rInverterElm\s31\s27\rInverterElm\s31\s37 0\\s2\\s0\\s5\s0\\s2\\s0\\s5\s0\\s2\\s0\\s5\s0\\s0.5\\s5\s0\\s2\\s0\\s5\s0\\s2\\s0\\s5\s0\\s2\\s0\\s5\s0\\s2\\s0\\s5\s0\\s2\\s0\\s5\s0\\s2\\s0\\s5\s0\\s2\\s0\\s5\s0\\s2\\s0\\s5\s0\\s2\\s0\\s5\s0\\s0.5\\s5\s0\\s0.5\\s5\s0\\s0.5\\s5
410 1360 -528 1408 -432 1 MUX_4X2 0\s2\s0\s5 0\s2\s0\s5 0\s2\s0\s5 0\s0.5\s5 0\s2\s0\s5 0\s2\s0\s5 0\s2\s0\s5 0\s2\s0\s5 0\s2\s0\s5 0\s2\s0\s5 0\s2\s0\s5 0\s2\s0\s5 0\s2\s0\s5 0\s0.5\s5 0\s0.5\s5 0\s0.5\s5
. REG1 0 2 4 5 CLK 4 3 2 CLR- 15 0 2 D 7 2 2 LD- 5 1 2 Q 2 0 3 DFlipFlopElm\s1\s2\s3\s4\rAndGateElm\s5\s2\s9\rAndGateElm\s7\s10\s11\rOrGateElm\s11\s9\s12\rInverterElm\s5\s10\rAndGateElm\s15\s12\s1 0\\s0\s0\\s2\\s0\\s5\s0\\s2\\s0\\s5\s0\\s2\\s0\\s5\s0\\s0.5\\s5\s0\\s2\\s0\\s5
. REG4 0 2 7 11 A 3 2 2 B 12 3 2 C 20 4 2 CLK 1 6 2 CLR- 2 0 2 D 28 5 2 LD- 4 1 2 QA 5 2 3 QB 13 3 3 QC 21 4 3 QD 29 5 3 CustomCompositeElm\s1\s2\s3\s4\s5\rCustomCompositeElm\s1\s2\s12\s4\s13\rCustomCompositeElm\s1\s2\s20\s4\s21\rCustomCompositeElm\s1\s2\s28\s4\s29 1\\sREG1\\s0\\\\s0\\s0\\\\s2\\\\s0\\\\s5\\s0\\\\s2\\\\s0\\\\s5\\s0\\\\s2\\\\s0\\\\s5\\s0\\\\s0.5\\\\s5\\s0\\\\s2\\\\s0\\\\s5\s1\\sREG1\\s0\\\\s0\\s0\\\\s2\\\\s0\\\\s5\\s0\\\\s2\\\\s0\\\\s5\\s0\\\\s2\\\\s0\\\\s5\\s0\\\\s0.5\\\\s5\\s0\\\\s2\\\\s0\\\\s5\s1\\sREG1\\s0\\\\s0\\s0\\\\s2\\\\s0\\\\s5\\s0\\\\s2\\\\s0\\\\s5\\s0\\\\s2\\\\s0\\\\s5\\s0\\\\s0.5\\\\s5\\s0\\\\s2\\\\s0\\\\s5\s1\\sREG1\\s0\\\\s0\\s0\\\\s2\\\\s0\\\\s5\\s0\\\\s2\\\\s0\\\\s5\\s0\\\\s2\\\\s0\\\\s5\\s0\\\\s0.5\\\\s5\\s0\\\\s2\\\\s0\\\\s5
410 1632 -592 1648 -576 1 REG4 1\sREG1\s0\\s0\s0\\s2\\s0\\s5\s0\\s2\\s0\\s5\s0\\s2\\s0\\s5\s0\\s0.5\\s5\s0\\s2\\s0\\s5 1\sREG1\s0\\s0\s0\\s2\\s0\\s5\s0\\s2\\s0\\s5\s0\\s2\\s0\\s5\s0\\s0.5\\s5\s0\\s2\\s0\\s5 1\sREG1\s0\\s0\s0\\s2\\s0\\s5\s0\\s2\\s0\\s5\s0\\s2\\s0\\s5\s0\\s0.5\\s5\s0\\s2\\s0\\s5 1\sREG1\s0\\s0\s0\\s2\\s0\\s5\s0\\s2\\s0\\s5\s0\\s2\\s0\\s5\s0\\s0.5\\s5\s0\\s2\\s0\\s5
w 1456 -528 1632 -528 0
w 1456 -496 1632 -496 0
w 1456 -464 1632 -464 0
w 1456 -432 1632 -432 0
207 1632 -592 1568 -592 4 CLR-
207 1632 -400 1568 -400 4 CLK
g 1632 -560 1584 -560 0 0
. ADD4 0 2 8 13 A0 8 0 2 A1 15 1 2 A2 11 2 2 A3 3 3 2 B0 9 4 2 B1 16 5 2 B2 12 6 2 B3 4 7 2 C 2 7 3 S0 6 0 3 S1 14 1 3 S2 10 2 3 S3 1 3 3 FullAdderElm\s1\s2\s3\s4\s5\rHalfAdderElm\s6\s7\s8\s9\rFullAdderElm\s10\s5\s11\s12\s13\rFullAdderElm\s14\s13\s15\s16\s7 0\s0\s0\s0
410 1888 -528 1904 -496 1 ADD4 0 0 0 0
R 1888 -400 1824 -400 0 0 40 5 0 0 0.5
w 1888 -368 1888 -336 0
w 1888 -336 1888 -304 0
g 1888 -304 1840 -304 0 0
w 1728 -528 1760 -528 0
w 1728 -496 1792 -496 0
w 1728 -464 1824 -464 0
w 1728 -432 1856 -432 0
207 1984 -528 2048 -528 5 S0
207 1984 -496 2048 -496 5 S1
207 1984 -432 2048 -432 5 S3
207 1984 -464 2048 -464 5 S2
207 1360 -528 1280 -528 5 S0
207 1360 -496 1280 -496 5 S1
207 1360 -464 1280 -464 5 S2
207 1360 -432 1280 -432 5 S3
207 1360 -304 1280 -304 4 D3
207 1360 -336 1280 -336 4 D2
207 1360 -368 1280 -368 4 D1
207 1360 -400 1280 -400 4 D0
150 1120 -272 1280 -272 0 4 0 5
w 1280 -272 1360 -272 0
I 1024 -320 1120 -320 0 0.5 5
I 1024 -288 1120 -288 0 0.5 5
w 1120 -320 1120 -304 0
w 1120 -256 1024 -256 0
w 1120 -240 928 -240 0
207 1024 -320 944 -320 4 OP3
207 1024 -288 944 -288 4 OP2
207 1024 -256 944 -256 4 OP1
152 784 -240 928 -240 0 2 0 5
I 656 -256 784 -256 0 0.5 5
150 656 -160 784 -160 0 2 0 5
w 784 -224 784 -160 0
w 656 -256 656 -176 0
207 656 -256 576 -256 4 OP0
410 560 -144 576 -112 1 REG1 0\s0 0\s2\s0\s5 0\s2\s0\s5 0\s2\s0\s5 0\s0.5\s5 0\s2\s0\s5
207 560 -144 512 -144 4 CLR-
153 352 -112 480 -112 0 4 0 5
w 480 -112 560 -112 0
207 352 -128 288 -128 4 OP1
207 352 -96 288 -96 4 OP2
207 352 -80 288 -80 4 OP3
I 352 -208 352 -144 0 0.5 5
207 352 -208 288 -208 4 OP0
w 560 -80 480 -80 0
w 480 -80 480 80 0
w 480 80 1040 80 0
153 1200 80 1040 80 0 3 0 5
154 1328 -32 1200 -32 0 2 0 5
154 1328 176 1200 176 0 2 0 5
w 1200 -32 1200 64 0
w 1200 96 1200 176 0
154 1328 80 1200 80 0 2 0 5
207 1328 -48 1392 -48 4 A0
207 1328 -16 1392 -16 4 B0
207 1328 96 1392 96 4 B1
207 1328 64 1392 64 4 A1
207 1328 192 1392 192 4 B2
207 1328 160 1392 160 4 A2
. MUX_3X2 0 2 7 10 A0 22 0 2 A1 12 1 2 A2 1 2 2 B0 25 3 2 B1 15 4 2 B2 5 5 2 N 3 6 2 R0 31 0 3 R1 21 1 3 R2 11 2 3 AndGateElm\s3\s5\s8\rAndGateElm\s10\s1\s9\rOrGateElm\s8\s9\s11\rAndGateElm\s3\s15\s18\rAndGateElm\s20\s12\s19\rOrGateElm\s18\s19\s21\rAndGateElm\s3\s25\s28\rAndGateElm\s30\s22\s29\rOrGateElm\s28\s29\s31\rInverterElm\s3\s10\rInverterElm\s3\s20\rInverterElm\s3\s30 0\\s2\\s0\\s5\s0\\s2\\s0\\s5\s0\\s2\\s0\\s5\s0\\s2\\s0\\s5\s0\\s2\\s0\\s5\s0\\s2\\s0\\s5\s0\\s2\\s0\\s5\s0\\s2\\s0\\s5\s0\\s2\\s0\\s5\s0\\s0.5\\s5\s0\\s0.5\\s5\s0\\s0.5\\s5
410 912 -1328 976 -1280 1 MUX_3X2 0\s2\s0\s5 0\s2\s0\s5 0\s2\s0\s5 0\s2\s0\s5 0\s2\s0\s5 0\s2\s0\s5 0\s2\s0\s5 0\s2\s0\s5 0\s2\s0\s5 0\s0.5\s5 0\s0.5\s5 0\s0.5\s5
410 912 -1072 976 -1024 1 MUX_3X2 0\s2\s0\s5 0\s2\s0\s5 0\s2\s0\s5 0\s2\s0\s5 0\s2\s0\s5 0\s2\s0\s5 0\s2\s0\s5 0\s2\s0\s5 0\s2\s0\s5 0\s0.5\s5 0\s0.5\s5 0\s0.5\s5
410 1264 -1328 1328 -1280 1 MUX_3X2 0\s2\s0\s5 0\s2\s0\s5 0\s2\s0\s5 0\s2\s0\s5 0\s2\s0\s5 0\s2\s0\s5 0\s2\s0\s5 0\s2\s0\s5 0\s2\s0\s5 0\s0.5\s5 0\s0.5\s5 0\s0.5\s5
207 912 -1328 832 -1328 4 M0
207 912 -1296 832 -1296 4 M1
207 912 -1232 832 -1232 4 B0
207 912 -1264 832 -1264 4 M2
207 912 -1136 832 -1136 4 OP0
207 912 -1168 832 -1168 4 B2
207 912 -1200 832 -1200 4 B1
207 912 -880 832 -880 4 OP0
207 912 -1008 832 -1008 4 D2
207 912 -1040 832 -1040 4 D1
207 912 -1072 832 -1072 4 D0
w 1008 -1328 1264 -1328 0
w 1008 -1296 1264 -1296 0
w 1008 -1264 1264 -1264 0
207 1264 -1136 1184 -1136 4 OP1
w 1008 -1008 1152 -1008 0
w 1152 -1008 1152 -1168 0
w 1152 -1168 1264 -1168 0
w 1008 -1040 1120 -1040 0
w 1120 -1040 1120 -1200 0
w 1120 -1200 1264 -1200 0
w 1008 -1072 1088 -1072 0
w 1088 -1072 1088 -1232 0
w 1088 -1232 1264 -1232 0
. ADD3 0 2 6 10 A0 3 0 2 A1 11 1 2 A2 7 2 2 B0 4 3 2 B1 12 4 2 B2 8 5 2 C 6 5 3 S0 1 0 3 S1 10 1 3 S2 5 2 3 HalfAdderElm\s1\s2\s3\s4\rFullAdderElm\s5\s6\s7\s8\s9\rFullAdderElm\s10\s9\s11\s12\s2 0\s0\s0
410 672 -976 720 -960 1 ADD3 0 0 0
207 672 -848 592 -848 4 B1
207 672 -816 592 -816 4 B2
207 672 -880 592 -880 4 B0
w 768 -976 912 -976 0
w 768 -944 912 -944 0
w 768 -912 912 -912 0
207 672 -976 592 -976 4 A0
207 672 -912 592 -912 4 A2
207 672 -944 592 -944 4 A1
410 1584 -1392 1632 -1344 1 REG1 0\s0 0\s2\s0\s5 0\s2\s0\s5 0\s2\s0\s5 0\s0.5\s5 0\s2\s0\s5
207 1584 -1392 1520 -1392 4 CLR-
207 1584 -1296 1520 -1296 4 CLK
g 1584 -1360 1520 -1360 0 0
g 1584 -1200 1520 -1200 0 0
207 1584 -1136 1520 -1136 4 CLK
207 1584 -1232 1520 -1232 4 CLR-
410 1584 -1232 1632 -1184 1 REG1 0\s0 0\s2\s0\s5 0\s2\s0\s5 0\s2\s0\s5 0\s0.5\s5 0\s2\s0\s5
410 1584 -1072 1632 -1024 1 REG1 0\s0 0\s2\s0\s5 0\s2\s0\s5 0\s2\s0\s5 0\s0.5\s5 0\s2\s0\s5
207 1584 -1072 1520 -1072 4 CLR-
207 1584 -976 1520 -976 4 CLK
g 1584 -1040 1520 -1040 0 0
w 1360 -1328 1584 -1328 0
w 1360 -1296 1472 -1296 0
w 1472 -1296 1472 -1168 0
w 1472 -1168 1584 -1168 0
w 1360 -1264 1440 -1264 0
w 1440 -1264 1440 -1008 0
w 1440 -1008 1584 -1008 0
207 1680 -1392 1776 -1392 4 R0
207 1680 -1232 1776 -1232 4 R1
207 1680 -1072 1776 -1072 4 R2
x 1164 -1475 1276 -1472 4 24 ALU_REG
w 1888 -432 1856 -432 0
w 1888 -464 1824 -464 0
w 1888 -496 1792 -496 0
w 1888 -528 1760 -528 0
w 1760 -528 1760 -640 0
w 1792 -496 1792 -640 0
w 1824 -464 1824 -640 0
w 1856 -432 1856 -640 0
207 1760 -640 1760 -688 4 PC0
207 1792 -640 1792 -688 4 PC1
207 1856 -640 1856 -688 4 PC3
207 1824 -640 1824 -688 4 PC2
207 2432 -1072 2528 -1072 4 QM2
207 2432 -1232 2528 -1232 4 QM1
207 2432 -1392 2528 -1392 4 QM0
g 2336 -1040 2272 -1040 0 0
207 2336 -976 2272 -976 4 CLK
207 2336 -1072 2272 -1072 4 CLR-
410 2336 -1072 2384 -1024 1 REG1 0\s0 0\s2\s0\s5 0\s2\s0\s5 0\s2\s0\s5 0\s0.5\s5 0\s2\s0\s5
410 2336 -1232 2384 -1184 1 REG1 0\s0 0\s2\s0\s5 0\s2\s0\s5 0\s2\s0\s5 0\s0.5\s5 0\s2\s0\s5
207 2336 -1232 2272 -1232 4 CLR-
207 2336 -1136 2272 -1136 4 CLK
g 2336 -1200 2272 -1200 0 0
g 2336 -1360 2272 -1360 0 0
207 2336 -1296 2272 -1296 4 CLK
207 2336 -1392 2272 -1392 4 CLR-
410 2336 -1392 2384 -1344 1 REG1 0\s0 0\s2\s0\s5 0\s2\s0\s5 0\s2\s0\s5 0\s0.5\s5 0\s2\s0\s5
207 2336 -1328 2272 -1328 4 A0
207 2336 -1168 2272 -1168 4 A1
207 2336 -1008 2272 -1008 4 A2
x 2323 -1502 2436 -1499 4 24 ALU_RAM
410 2576 -608 2944 416 1 REG1 0\s0 0\s2\s0\s5 0\s2\s0\s5 0\s2\s0\s5 0\s0.5\s5 0\s2\s0\s5
207 2576 -608 2512 -608 4 CLR-
207 2576 -544 2512 -544 4 OP3
207 2576 -512 2512 -512 4 CLK
g 2576 -576 2512 -576 0 0
207 2672 -608 2736 -608 4 GWE
207 2672 -208 2736 -208 4 MWE
g 2576 -176 2512 -176 0 0
207 2576 -112 2512 -112 4 CLK
207 2576 -144 2512 -144 4 OP2
207 2576 -208 2512 -208 4 CLR-
410 2576 -208 2944 816 1 REG1 0\s0 0\s2\s0\s5 0\s2\s0\s5 0\s2\s0\s5 0\s0.5\s5 0\s2\s0\s5
x 2580 -654 2684 -651 4 24 REG_WE
x 2573 -251 2678 -248 4 24 RAM_WE
207 560 -48 512 -48 4 CLK
b 144 -1680 3131 406 0
. EXE 0 2 18 31 A0 109 8 2 A1 113 9 2 A2 111 10 2 B0 110 11 2 B1 114 12 2 B2 112 13 2 CLK 26 0 1 CLR- 27 1 1 D0 5 4 2 D1 6 5 2 D2 7 6 2 D3 8 7 2 GWE 261 4 3 M0 121 14 2 M1 122 15 2 M2 123 16 2 MWE 269 8 3 OP0 88 0 2 OP1 78 1 2 OP2 82 2 2 OP3 81 3 2 PC0 29 0 3 PC1 30 1 3 PC2 31 2 3 PC3 32 3 3 QM0 225 9 3 QM1 223 10 3 QM2 221 11 3 R0 187 5 3 R1 197 6 3 R2 207 7 3 CustomCompositeElm\s62\s63\s64\s65\s5\s6\s7\s8\s9\s10\s11\s12\s13\rCustomCompositeElm\s10\s11\s12\s26\s27\s13\s28\s29\s30\s31\s32\rGroundElm\s28\rCustomCompositeElm\s29\s30\s31\s32\s59\s60\s60\s60\s61\s62\s63\s64\s65\rRailElm\s59\rGroundElm\s60\rAndGateElm\s77\s78\s79\s80\s9\rInverterElm\s81\s80\rInverterElm\s82\s79\rOrGateElm\s86\s87\s77\rInverterElm\s88\s87\rAndGateElm\s89\s88\s86\rCustomCompositeElm\s26\s27\s93\s94\s89\rNorGateElm\s81\s82\s78\s104\s94\rInverterElm\s88\s104\rNorGateElm\s106\s107\s108\s93\rXorGateElm\s109\s110\s106\rXorGateElm\s111\s112\s108\rXorGateElm\s113\s114\s107\rCustomCompositeElm\s121\s122\s123\s110\s114\s112\s88\s128\s129\s130\rCustomCompositeElm\s5\s6\s7\s143\s144\s145\s88\s147\s148\s149\rCustomCompositeElm\s128\s129\s130\s147\s148\s149\s78\s160\s161\s162\rCustomCompositeElm\s109\s113\s111\s110\s114\s112\s181\s143\s144\s145\rCustomCompositeElm\s26\s27\s160\s186\s187\rGroundElm\s186\rGroundElm\s194\rCustomCompositeElm\s26\s27\s161\s194\s197\rCustomCompositeElm\s26\s27\s162\s206\s207\rGroundElm\s206\rGroundElm\s227\rCustomCompositeElm\s26\s27\s111\s227\s221\rCustomCompositeElm\s26\s27\s113\s240\s223\rGroundElm\s240\rGroundElm\s247\rCustomCompositeElm\s26\s27\s109\s247\s225\rCustomCompositeElm\s26\s27\s81\s260\s261\rGroundElm\s260\rGroundElm\s271\rCustomCompositeElm\s26\s27\s82\s271\s269 1\\sMUX_4X2\\s0\\\\s2\\\\s0\\\\s5\\s0\\\\s2\\\\s0\\\\s5\\s0\\\\s2\\\\s0\\\\s5\\s0\\\\s0.5\\\\s5\\s0\\\\s2\\\\s0\\\\s5\\s0\\\\s2\\\\s0\\\\s5\\s0\\\\s2\\\\s0\\\\s5\\s0\\\\s2\\\\s0\\\\s5\\s0\\\\s2\\\\s0\\\\s5\\s0\\\\s2\\\\s0\\\\s5\\s0\\\\s2\\\\s0\\\\s5\\s0\\\\s2\\\\s0\\\\s5\\s0\\\\s2\\\\s0\\\\s5\\s0\\\\s0.5\\\\s5\\s0\\\\s0.5\\\\s5\\s0\\\\s0.5\\\\s5\s1\\sREG4\\s1\\\\sREG1\\\\s0\\\\\\\\s0\\\\s0\\\\\\\\s2\\\\\\\\s0\\\\\\\\s5\\\\s0\\\\\\\\s2\\\\\\\\s0\\\\\\\\s5\\\\s0\\\\\\\\s2\\\\\\\\s0\\\\\\\\s5\\\\s0\\\\\\\\s0.5\\\\\\\\s5\\\\s0\\\\\\\\s2\\\\\\\\s0\\\\\\\\s5\\s1\\\\sREG1\\\\s0\\\\\\\\s0\\\\s0\\\\\\\\s2\\\\\\\\s0\\\\\\\\s5\\\\s0\\\\\\\\s2\\\\\\\\s0\\\\\\\\s5\\\\s0\\\\\\\\s2\\\\\\\\s0\\\\\\\\s5\\\\s0\\\\\\\\s0.5\\\\\\\\s5\\\\s0\\\\\\\\s2\\\\\\\\s0\\\\\\\\s5\\s1\\\\sREG1\\\\s0\\\\\\\\s0\\\\s0\\\\\\\\s2\\\\\\\\s0\\\\\\\\s5\\\\s0\\\\\\\\s2\\\\\\\\s0\\\\\\\\s5\\\\s0\\\\\\\\s2\\\\\\\\s0\\\\\\\\s5\\\\s0\\\\\\\\s0.5\\\\\\\\s5\\\\s0\\\\\\\\s2\\\\\\\\s0\\\\\\\\s5\\s1\\\\sREG1\\\\s0\\\\\\\\s0\\\\s0\\\\\\\\s2\\\\\\\\s0\\\\\\\\s5\\\\s0\\\\\\\\s2\\\\\\\\s0\\\\\\\\s5\\\\s0\\\\\\\\s2\\\\\\\\s0\\\\\\\\s5\\\\s0\\\\\\\\s0.5\\\\\\\\s5\\\\s0\\\\\\\\s2\\\\\\\\s0\\\\\\\\s5\s0\\s0\s1\\sADD4\\s0\\s0\\s0\\s0\s0\\s0\\s40\\s5\\s0\\s0\\s0.5\s0\\s0\s0\\s4\\s0\\s5\s0\\s0.5\\s5\s0\\s0.5\\s5\s0\\s2\\s0\\s5\s0\\s0.5\\s5\s0\\s2\\s0\\s5\s1\\sREG1\\s0\\\\s0\\s0\\\\s2\\\\s0\\\\s5\\s0\\\\s2\\\\s0\\\\s5\\s0\\\\s2\\\\s0\\\\s5\\s0\\\\s0.5\\\\s5\\s0\\\\s2\\\\s0\\\\s5\s0\\s4\\s0\\s5\s0\\s0.5\\s5\s0\\s3\\s0\\s5\s0\\s2\\s0\\s5\s0\\s2\\s0\\s5\s0\\s2\\s0\\s5\s1\\sMUX_3X2\\s0\\\\s2\\\\s0\\\\s5\\s0\\\\s2\\\\s0\\\\s5\\s0\\\\s2\\\\s0\\\\s5\\s0\\\\s2\\\\s0\\\\s5\\s0\\\\s2\\\\s0\\\\s5\\s0\\\\s2\\\\s0\\\\s5\\s0\\\\s2\\\\s0\\\\s5\\s0\\\\s2\\\\s0\\\\s5\\s0\\\\s2\\\\s0\\\\s5\\s0\\\\s0.5\\\\s5\\s0\\\\s0.5\\\\s5\\s0\\\\s0.5\\\\s5\s1\\sMUX_3X2\\s0\\\\s2\\\\s0\\\\s5\\s0\\\\s2\\\\s0\\\\s5\\s0\\\\s2\\\\s0\\\\s5\\s0\\\\s2\\\\s0\\\\s5\\s0\\\\s2\\\\s0\\\\s5\\s0\\\\s2\\\\s0\\\\s5\\s0\\\\s2\\\\s0\\\\s5\\s0\\\\s2\\\\s0\\\\s5\\s0\\\\s2\\\\s0\\\\s5\\s0\\\\s0.5\\\\s5\\s0\\\\s0.5\\\\s5\\s0\\\\s0.5\\\\s5\s1\\sMUX_3X2\\s0\\\\s2\\\\s0\\\\s5\\s0\\\\s2\\\\s0\\\\s5\\s0\\\\s2\\\\s0\\\\s5\\s0\\\\s2\\\\s0\\\\s5\\s0\\\\s2\\\\s0\\\\s5\\s0\\\\s2\\\\s0\\\\s5\\s0\\\\s2\\\\s0\\\\s5\\s0\\\\s2\\\\s0\\\\s5\\s0\\\\s2\\\\s0\\\\s5\\s0\\\\s0.5\\\\s5\\s0\\\\s0.5\\\\s5\\s0\\\\s0.5\\\\s5\s1\\sADD3\\s0\\s0\\s0\s1\\sREG1\\s0\\\\s0\\s0\\\\s2\\\\s0\\\\s5\\s0\\\\s2\\\\s0\\\\s5\\s0\\\\s2\\\\s0\\\\s5\\s0\\\\s0.5\\\\s5\\s0\\\\s2\\\\s0\\\\s5\s0\\s0\s0\\s0\s1\\sREG1\\s0\\\\s0\\s0\\\\s2\\\\s0\\\\s5\\s0\\\\s2\\\\s0\\\\s5\\s0\\\\s2\\\\s0\\\\s5\\s0\\\\s0.5\\\\s5\\s0\\\\s2\\\\s0\\\\s5\s1\\sREG1\\s0\\\\s0\\s0\\\\s2\\\\s0\\\\s5\\s0\\\\s2\\\\s0\\\\s5\\s0\\\\s2\\\\s0\\\\s5\\s0\\\\s0.5\\\\s5\\s0\\\\s2\\\\s0\\\\s5\s0\\s0\s0\\s0\s1\\sREG1\\s0\\\\s0\\s0\\\\s2\\\\s0\\\\s5\\s0\\\\s2\\\\s0\\\\s5\\s0\\\\s2\\\\s0\\\\s5\\s0\\\\s0.5\\\\s5\\s0\\\\s2\\\\s0\\\\s5\s1\\sREG1\\s0\\\\s0\\s0\\\\s2\\\\s0\\\\s5\\s0\\\\s2\\\\s0\\\\s5\\s0\\\\s2\\\\s0\\\\s5\\s0\\\\s0.5\\\\s5\\s0\\\\s2\\\\s0\\\\s5\s0\\s0\s0\\s0\s1\\sREG1\\s0\\\\s0\\s0\\\\s2\\\\s0\\\\s5\\s0\\\\s2\\\\s0\\\\s5\\s0\\\\s2\\\\s0\\\\s5\\s0\\\\s0.5\\\\s5\\s0\\\\s2\\\\s0\\\\s5\s1\\sREG1\\s0\\\\s0\\s0\\\\s2\\\\s0\\\\s5\\s0\\\\s2\\\\s0\\\\s5\\s0\\\\s2\\\\s0\\\\s5\\s0\\\\s0.5\\\\s5\\s0\\\\s2\\\\s0\\\\s5\s0\\s0\s0\\s0\s1\\sREG1\\s0\\\\s0\\s0\\\\s2\\\\s0\\\\s5\\s0\\\\s2\\\\s0\\\\s5\\s0\\\\s2\\\\s0\\\\s5\\s0\\\\s0.5\\\\s5\\s0\\\\s2\\\\s0\\\\s5
410 1568 -2368 1568 -2336 1 EXE 1\sMUX_4X2\s0\\s2\\s0\\s5\s0\\s2\\s0\\s5\s0\\s2\\s0\\s5\s0\\s0.5\\s5\s0\\s2\\s0\\s5\s0\\s2\\s0\\s5\s0\\s2\\s0\\s5\s0\\s2\\s0\\s5\s0\\s2\\s0\\s5\s0\\s2\\s0\\s5\s0\\s2\\s0\\s5\s0\\s2\\s0\\s5\s0\\s2\\s0\\s5\s0\\s0.5\\s5\s0\\s0.5\\s5\s0\\s0.5\\s5 1\sREG4\s1\\sREG1\\s0\\\\s0\\s0\\\\s2\\\\s0\\\\s5\\s0\\\\s2\\\\s0\\\\s5\\s0\\\\s2\\\\s0\\\\s5\\s0\\\\s0.5\\\\s5\\s0\\\\s2\\\\s0\\\\s5\s1\\sREG1\\s0\\\\s0\\s0\\\\s2\\\\s0\\\\s5\\s0\\\\s2\\\\s0\\\\s5\\s0\\\\s2\\\\s0\\\\s5\\s0\\\\s0.5\\\\s5\\s0\\\\s2\\\\s0\\\\s5\s1\\sREG1\\s0\\\\s0\\s0\\\\s2\\\\s0\\\\s5\\s0\\\\s2\\\\s0\\\\s5\\s0\\\\s2\\\\s0\\\\s5\\s0\\\\s0.5\\\\s5\\s0\\\\s2\\\\s0\\\\s5\s1\\sREG1\\s0\\\\s0\\s0\\\\s2\\\\s0\\\\s5\\s0\\\\s2\\\\s0\\\\s5\\s0\\\\s2\\\\s0\\\\s5\\s0\\\\s0.5\\\\s5\\s0\\\\s2\\\\s0\\\\s5 0\s0 1\sADD4\s0\s0\s0\s0 0\s0\s40\s5\s0\s0\s0.5 0\s0 0\s4\s0\s5 0\s0.5\s5 0\s0.5\s5 0\s2\s0\s5 0\s0.5\s5 0\s2\s0\s5 1\sREG1\s0\\s0\s0\\s2\\s0\\s5\s0\\s2\\s0\\s5\s0\\s2\\s0\\s5\s0\\s0.5\\s5\s0\\s2\\s0\\s5 0\s4\s0\s5 0\s0.5\s5 0\s3\s0\s5 0\s2\s0\s5 0\s2\s0\s5 0\s2\s0\s5 1\sMUX_3X2\s0\\s2\\s0\\s5\s0\\s2\\s0\\s5\s0\\s2\\s0\\s5\s0\\s2\\s0\\s5\s0\\s2\\s0\\s5\s0\\s2\\s0\\s5\s0\\s2\\s0\\s5\s0\\s2\\s0\\s5\s0\\s2\\s0\\s5\s0\\s0.5\\s5\s0\\s0.5\\s5\s0\\s0.5\\s5 1\sMUX_3X2\s0\\s2\\s0\\s5\s0\\s2\\s0\\s5\s0\\s2\\s0\\s5\s0\\s2\\s0\\s5\s0\\s2\\s0\\s5\s0\\s2\\s0\\s5\s0\\s2\\s0\\s5\s0\\s2\\s0\\s5\s0\\s2\\s0\\s5\s0\\s0.5\\s5\s0\\s0.5\\s5\s0\\s0.5\\s5 1\sMUX_3X2\s0\\s2\\s0\\s5\s0\\s2\\s0\\s5\s0\\s2\\s0\\s5\s0\\s2\\s0\\s5\s0\\s2\\s0\\s5\s0\\s2\\s0\\s5\s0\\s2\\s0\\s5\s0\\s2\\s0\\s5\s0\\s2\\s0\\s5\s0\\s0.5\\s5\s0\\s0.5\\s5\s0\\s0.5\\s5 1\sADD3\s0\s0\s0 1\sREG1\s0\\s0\s0\\s2\\s0\\s5\s0\\s2\\s0\\s5\s0\\s2\\s0\\s5\s0\\s0.5\\s5\s0\\s2\\s0\\s5 0\s0 0\s0 1\sREG1\s0\\s0\s0\\s2\\s0\\s5\s0\\s2\\s0\\s5\s0\\s2\\s0\\s5\s0\\s0.5\\s5\s0\\s2\\s0\\s5 1\sREG1\s0\\s0\s0\\s2\\s0\\s5\s0\\s2\\s0\\s5\s0\\s2\\s0\\s5\s0\\s0.5\\s5\s0\\s2\\s0\\s5 0\s0 0\s0 1\sREG1\s0\\s0\s0\\s2\\s0\\s5\s0\\s2\\s0\\s5\s0\\s2\\s0\\s5\s0\\s0.5\\s5\s0\\s2\\s0\\s5 1\sREG1\s0\\s0\s0\\s2\\s0\\s5\s0\\s2\\s0\\s5\s0\\s2\\s0\\s5\s0\\s0.5\\s5\s0\\s2\\s0\\s5 0\s0 0\s0 1\sREG1\s0\\s0\s0\\s2\\s0\\s5\s0\\s2\\s0\\s5\s0\\s2\\s0\\s5\s0\\s0.5\\s5\s0\\s2\\s0\\s5 1\sREG1\s0\\s0\s0\\s2\\s0\\s5\s0\\s2\\s0\\s5\s0\\s2\\s0\\s5\s0\\s0.5\\s5\s0\\s2\\s0\\s5 0\s0 0\s0 1\sREG1\s0\\s0\s0\\s2\\s0\\s5\s0\\s2\\s0\\s5\s0\\s2\\s0\\s5\s0\\s0.5\\s5\s0\\s2\\s0\\s5
x 1598 -2443 1646 -2440 4 24 EXE
