$ 1 0.000005 10.20027730826997 50 5 50 5e-11
x -3503 -1607 -3402 -1604 4 24 PCOUNT
. MUX_4X2 0 2 9 13 A0 29 0 2 A1 20 1 2 A2 11 2 2 A3 5 3 2 B0 33 4 2 B1 22 5 2 B2 13 6 2 B3 7 7 2 N 31 8 2 R0 38 0 3 R1 28 1 3 R2 19 2 3 R3 3 3 3 OrGateElm\s1\s2\s3\rAndGateElm\s4\s5\s2\rAndGateElm\s31\s7\s1\rInverterElm\s31\s4\rAndGateElm\s31\s13\s15\rAndGateElm\s18\s11\s16\rOrGateElm\s15\s16\s19\rAndGateElm\s31\s22\s24\rAndGateElm\s27\s20\s25\rOrGateElm\s24\s25\s28\rAndGateElm\s31\s33\s35\rAndGateElm\s37\s29\s36\rOrGateElm\s35\s36\s38\rInverterElm\s31\s18\rInverterElm\s31\s27\rInverterElm\s31\s37 0\\s2\\s0\\s5\s0\\s2\\s0\\s5\s0\\s2\\s0\\s5\s0\\s0.5\\s5\s0\\s2\\s0\\s5\s0\\s2\\s0\\s5\s0\\s2\\s0\\s5\s0\\s2\\s0\\s5\s0\\s2\\s0\\s5\s0\\s2\\s0\\s5\s0\\s2\\s0\\s5\s0\\s2\\s0\\s5\s0\\s2\\s0\\s5\s0\\s0.5\\s5\s0\\s0.5\\s5\s0\\s0.5\\s5
410 -3728 -1360 -3680 -1264 1 MUX_4X2 0\s2\s0\s5 0\s2\s0\s5 0\s2\s0\s5 0\s0.5\s5 0\s2\s0\s5 0\s2\s0\s5 0\s2\s0\s5 0\s2\s0\s5 0\s2\s0\s5 0\s2\s0\s5 0\s2\s0\s5 0\s2\s0\s5 0\s2\s0\s5 0\s0.5\s5 0\s0.5\s5 0\s0.5\s5
. REG1 0 2 4 5 CLK 4 3 2 CLR- 15 0 2 D 7 2 2 LD- 5 1 2 Q 2 0 3 DFlipFlopElm\s1\s2\s3\s4\rAndGateElm\s5\s2\s9\rAndGateElm\s7\s10\s11\rOrGateElm\s11\s9\s12\rInverterElm\s5\s10\rAndGateElm\s15\s12\s1 0\\s0\s0\\s2\\s0\\s5\s0\\s2\\s0\\s5\s0\\s2\\s0\\s5\s0\\s0.5\\s5\s0\\s2\\s0\\s5
. REG4 0 2 7 11 A 3 2 2 B 12 3 2 C 20 4 2 CLK 1 6 2 CLR- 2 0 2 D 28 5 2 LD- 4 1 2 QA 5 2 3 QB 13 3 3 QC 21 4 3 QD 29 5 3 CustomCompositeElm\s1\s2\s3\s4\s5\rCustomCompositeElm\s1\s2\s12\s4\s13\rCustomCompositeElm\s1\s2\s20\s4\s21\rCustomCompositeElm\s1\s2\s28\s4\s29 1\\sREG1\\s0\\\\s0\\s0\\\\s2\\\\s0\\\\s5\\s0\\\\s2\\\\s0\\\\s5\\s0\\\\s2\\\\s0\\\\s5\\s0\\\\s0.5\\\\s5\\s0\\\\s2\\\\s0\\\\s5\s1\\sREG1\\s0\\\\s0\\s0\\\\s2\\\\s0\\\\s5\\s0\\\\s2\\\\s0\\\\s5\\s0\\\\s2\\\\s0\\\\s5\\s0\\\\s0.5\\\\s5\\s0\\\\s2\\\\s0\\\\s5\s1\\sREG1\\s0\\\\s0\\s0\\\\s2\\\\s0\\\\s5\\s0\\\\s2\\\\s0\\\\s5\\s0\\\\s2\\\\s0\\\\s5\\s0\\\\s0.5\\\\s5\\s0\\\\s2\\\\s0\\\\s5\s1\\sREG1\\s0\\\\s0\\s0\\\\s2\\\\s0\\\\s5\\s0\\\\s2\\\\s0\\\\s5\\s0\\\\s2\\\\s0\\\\s5\\s0\\\\s0.5\\\\s5\\s0\\\\s2\\\\s0\\\\s5
410 -3456 -1424 -3440 -1408 1 REG4 1\sREG1\s0\\s0\s0\\s2\\s0\\s5\s0\\s2\\s0\\s5\s0\\s2\\s0\\s5\s0\\s0.5\\s5\s0\\s2\\s0\\s5 1\sREG1\s0\\s0\s0\\s2\\s0\\s5\s0\\s2\\s0\\s5\s0\\s2\\s0\\s5\s0\\s0.5\\s5\s0\\s2\\s0\\s5 1\sREG1\s0\\s0\s0\\s2\\s0\\s5\s0\\s2\\s0\\s5\s0\\s2\\s0\\s5\s0\\s0.5\\s5\s0\\s2\\s0\\s5 1\sREG1\s0\\s0\s0\\s2\\s0\\s5\s0\\s2\\s0\\s5\s0\\s2\\s0\\s5\s0\\s0.5\\s5\s0\\s2\\s0\\s5
w -3632 -1360 -3456 -1360 0
w -3632 -1328 -3456 -1328 0
w -3632 -1296 -3456 -1296 0
w -3632 -1264 -3456 -1264 0
207 -3456 -1424 -3520 -1424 4 CLR-
207 -3456 -1232 -3520 -1232 4 CLK
g -3456 -1392 -3504 -1392 0 0
. ADD4 0 2 8 13 A0 8 0 2 A1 15 1 2 A2 11 2 2 A3 3 3 2 B0 9 4 2 B1 16 5 2 B2 12 6 2 B3 4 7 2 C 2 7 3 S0 6 0 3 S1 14 1 3 S2 10 2 3 S3 1 3 3 FullAdderElm\s1\s2\s3\s4\s5\rHalfAdderElm\s6\s7\s8\s9\rFullAdderElm\s10\s5\s11\s12\s13\rFullAdderElm\s14\s13\s15\s16\s7 0\s0\s0\s0
410 -3200 -1360 -3184 -1328 1 ADD4 0 0 0 0
R -3200 -1232 -3264 -1232 0 0 40 5 0 0 0.5
w -3200 -1200 -3200 -1168 0
w -3200 -1168 -3200 -1136 0
g -3200 -1136 -3248 -1136 0 0
w -3360 -1360 -3328 -1360 0
w -3360 -1328 -3296 -1328 0
w -3360 -1296 -3264 -1296 0
w -3360 -1264 -3232 -1264 0
207 -3104 -1360 -3040 -1360 5 S0
207 -3104 -1328 -3040 -1328 5 S1
207 -3104 -1264 -3040 -1264 5 S3
207 -3104 -1296 -3040 -1296 5 S2
207 -3728 -1360 -3808 -1360 5 S0
207 -3728 -1328 -3808 -1328 5 S1
207 -3728 -1296 -3808 -1296 5 S2
207 -3728 -1264 -3808 -1264 5 S3
207 -3728 -1136 -3808 -1136 4 D3
207 -3728 -1168 -3808 -1168 4 D2
207 -3728 -1200 -3808 -1200 4 D1
207 -3728 -1232 -3808 -1232 4 D0
150 -1040 -1472 -880 -1472 0 4 5 5
I -1136 -1520 -1040 -1520 0 0.5 5
I -1136 -1488 -1040 -1488 0 0.5 5
w -1040 -1520 -1040 -1504 0
w -1040 -1456 -1136 -1456 0
w -1040 -1440 -1232 -1440 0
207 -1136 -1520 -1216 -1520 5 P3
207 -1136 -1488 -1216 -1488 5 P2
207 -1136 -1456 -1216 -1456 5 P1
152 -1376 -1440 -1232 -1440 0 2 5 5
150 -1504 -1360 -1376 -1360 0 2 0 5
w -1376 -1424 -1376 -1360 0
207 -1504 -1456 -1584 -1456 5 P0
410 -1600 -1344 -1584 -1312 1 REG1 0\s0 0\s2\s0\s5 0\s2\s0\s5 0\s2\s0\s5 0\s0.5\s5 0\s2\s0\s5
207 -1600 -1344 -1648 -1344 4 CLR-
153 -1808 -1312 -1680 -1312 0 4 0 5
w -1680 -1312 -1600 -1312 0
207 -1808 -1328 -1872 -1328 5 P1
207 -1808 -1296 -1872 -1296 5 P2
207 -1808 -1280 -1872 -1280 5 P3
I -1808 -1408 -1808 -1344 0 0.5 5
207 -1808 -1408 -1872 -1408 5 P0
w -1600 -1280 -1680 -1280 0
w -1680 -1280 -1680 -1120 0
w -1680 -1120 -1120 -1120 0
153 -960 -1120 -1120 -1120 0 3 5 5
154 -832 -1232 -960 -1232 0 2 0 5
154 -832 -1024 -960 -1024 0 2 0 5
w -960 -1232 -960 -1136 0
w -960 -1104 -960 -1024 0
154 -832 -1120 -960 -1120 0 2 0 5
207 -832 -1248 -768 -1248 4 A0
207 -832 -1216 -768 -1216 4 B0
207 -832 -1104 -768 -1104 4 B1
207 -832 -1136 -768 -1136 4 A1
207 -832 -1008 -768 -1008 4 B2
207 -832 -1040 -768 -1040 4 A2
. MUX_3X2 0 2 7 10 A0 22 0 2 A1 12 1 2 A2 1 2 2 B0 25 3 2 B1 15 4 2 B2 5 5 2 N 3 6 2 R0 31 0 3 R1 21 1 3 R2 11 2 3 AndGateElm\s3\s5\s8\rAndGateElm\s10\s1\s9\rOrGateElm\s8\s9\s11\rAndGateElm\s3\s15\s18\rAndGateElm\s20\s12\s19\rOrGateElm\s18\s19\s21\rAndGateElm\s3\s25\s28\rAndGateElm\s30\s22\s29\rOrGateElm\s28\s29\s31\rInverterElm\s3\s10\rInverterElm\s3\s20\rInverterElm\s3\s30 0\\s2\\s0\\s5\s0\\s2\\s0\\s5\s0\\s2\\s0\\s5\s0\\s2\\s0\\s5\s0\\s2\\s0\\s5\s0\\s2\\s0\\s5\s0\\s2\\s0\\s5\s0\\s2\\s0\\s5\s0\\s2\\s0\\s5\s0\\s0.5\\s5\s0\\s0.5\\s5\s0\\s0.5\\s5
410 -3760 -2256 -3696 -2208 1 MUX_3X2 0\s2\s0\s5 0\s2\s0\s5 0\s2\s0\s5 0\s2\s0\s5 0\s2\s0\s5 0\s2\s0\s5 0\s2\s0\s5 0\s2\s0\s5 0\s2\s0\s5 0\s0.5\s5 0\s0.5\s5 0\s0.5\s5
410 -3760 -2000 -3696 -1952 1 MUX_3X2 0\s2\s0\s5 0\s2\s0\s5 0\s2\s0\s5 0\s2\s0\s5 0\s2\s0\s5 0\s2\s0\s5 0\s2\s0\s5 0\s2\s0\s5 0\s2\s0\s5 0\s0.5\s5 0\s0.5\s5 0\s0.5\s5
410 -3408 -2256 -3344 -2208 1 MUX_3X2 0\s2\s0\s5 0\s2\s0\s5 0\s2\s0\s5 0\s2\s0\s5 0\s2\s0\s5 0\s2\s0\s5 0\s2\s0\s5 0\s2\s0\s5 0\s2\s0\s5 0\s0.5\s5 0\s0.5\s5 0\s0.5\s5
207 -3760 -2256 -3840 -2256 4 M0
207 -3760 -2224 -3840 -2224 4 M1
207 -3760 -2160 -3840 -2160 4 B0
207 -3760 -2192 -3840 -2192 4 M2
207 -3760 -2064 -3840 -2064 5 P0
207 -3760 -2096 -3840 -2096 4 B2
207 -3760 -2128 -3840 -2128 4 B1
207 -3760 -1808 -3840 -1808 5 P0
207 -3760 -1936 -3840 -1936 4 D2
207 -3760 -1968 -3840 -1968 4 D1
207 -3760 -2000 -3840 -2000 4 D0
w -3664 -2256 -3408 -2256 0
w -3664 -2224 -3408 -2224 0
w -3664 -2192 -3408 -2192 0
207 -3408 -2064 -3488 -2064 5 P1
w -3664 -1936 -3520 -1936 0
w -3520 -1936 -3520 -2096 0
w -3520 -2096 -3408 -2096 0
w -3664 -1968 -3552 -1968 0
w -3552 -1968 -3552 -2128 0
w -3552 -2128 -3408 -2128 0
w -3664 -2000 -3584 -2000 0
w -3584 -2000 -3584 -2160 0
w -3584 -2160 -3408 -2160 0
. ADD3 0 2 6 10 A0 3 0 2 A1 11 1 2 A2 7 2 2 B0 4 3 2 B1 12 4 2 B2 8 5 2 C 6 5 3 S0 1 0 3 S1 10 1 3 S2 5 2 3 HalfAdderElm\s1\s2\s3\s4\rFullAdderElm\s5\s6\s7\s8\s9\rFullAdderElm\s10\s9\s11\s12\s2 0\s0\s0
410 -4000 -1904 -3952 -1888 1 ADD3 0 0 0
207 -4000 -1776 -4080 -1776 4 B1
207 -4000 -1744 -4080 -1744 4 B2
207 -4000 -1808 -4080 -1808 4 B0
w -3904 -1904 -3760 -1904 0
w -3904 -1872 -3760 -1872 0
w -3904 -1840 -3760 -1840 0
207 -4000 -1904 -4080 -1904 4 A0
207 -4000 -1840 -4080 -1840 4 A2
207 -4000 -1872 -4080 -1872 4 A1
410 -3088 -2320 -3040 -2272 1 REG1 0\s0 0\s2\s0\s5 0\s2\s0\s5 0\s2\s0\s5 0\s0.5\s5 0\s2\s0\s5
207 -3088 -2320 -3152 -2320 4 CLR-
207 -3088 -2224 -3152 -2224 4 CLK
g -3088 -2288 -3152 -2288 0 0
g -3088 -2128 -3152 -2128 0 0
207 -3088 -2064 -3152 -2064 4 CLK
207 -3088 -2160 -3152 -2160 4 CLR-
410 -3088 -2160 -3040 -2112 1 REG1 0\s0 0\s2\s0\s5 0\s2\s0\s5 0\s2\s0\s5 0\s0.5\s5 0\s2\s0\s5
410 -3088 -2000 -3040 -1952 1 REG1 0\s0 0\s2\s0\s5 0\s2\s0\s5 0\s2\s0\s5 0\s0.5\s5 0\s2\s0\s5
207 -3088 -2000 -3152 -2000 4 CLR-
207 -3088 -1904 -3152 -1904 4 CLK
g -3088 -1968 -3152 -1968 0 0
w -3312 -2256 -3088 -2256 0
w -3312 -2224 -3200 -2224 0
w -3200 -2224 -3200 -2096 0
w -3200 -2096 -3088 -2096 0
w -3312 -2192 -3232 -2192 0
w -3232 -2192 -3232 -1936 0
w -3232 -1936 -3088 -1936 0
207 -2992 -2320 -2896 -2320 4 R0
207 -2992 -2160 -2896 -2160 4 R1
207 -2992 -2000 -2896 -2000 4 R2
x -3514 -2434 -3402 -2431 4 24 ALU_REG
w -3200 -1264 -3232 -1264 0
w -3200 -1296 -3264 -1296 0
w -3200 -1328 -3296 -1328 0
w -3200 -1360 -3328 -1360 0
w -3328 -1360 -3328 -1472 0
w -3296 -1328 -3296 -1472 0
w -3264 -1296 -3264 -1472 0
w -3232 -1264 -3232 -1472 0
207 -3328 -1472 -3328 -1520 4 PC0
207 -3296 -1472 -3296 -1520 4 PC1
207 -3232 -1472 -3232 -1520 4 PC3
207 -3264 -1472 -3264 -1520 4 PC2
207 -2240 -2000 -2144 -2000 4 QM2
207 -2240 -2160 -2144 -2160 4 QM1
207 -2240 -2320 -2144 -2320 4 QM0
g -2336 -1968 -2400 -1968 0 0
207 -2336 -1904 -2400 -1904 4 CLK
207 -2336 -2000 -2400 -2000 4 CLR-
410 -2336 -2000 -2288 -1952 1 REG1 0\s0 0\s2\s0\s5 0\s2\s0\s5 0\s2\s0\s5 0\s0.5\s5 0\s2\s0\s5
410 -2336 -2160 -2288 -2112 1 REG1 0\s0 0\s2\s0\s5 0\s2\s0\s5 0\s2\s0\s5 0\s0.5\s5 0\s2\s0\s5
207 -2336 -2160 -2400 -2160 4 CLR-
207 -2336 -2064 -2400 -2064 4 CLK
g -2336 -2128 -2400 -2128 0 0
g -2336 -2288 -2400 -2288 0 0
207 -2336 -2224 -2400 -2224 4 CLK
207 -2336 -2320 -2400 -2320 4 CLR-
410 -2336 -2320 -2288 -2272 1 REG1 0\s0 0\s2\s0\s5 0\s2\s0\s5 0\s2\s0\s5 0\s0.5\s5 0\s2\s0\s5
207 -2336 -2256 -2400 -2256 4 A0
207 -2336 -2096 -2400 -2096 4 A1
207 -2336 -1936 -2400 -1936 4 A2
x -2347 -2443 -2234 -2440 4 24 ALU_RAM
410 -2336 -1568 -1968 -544 1 REG1 0\s0 0\s2\s0\s5 0\s2\s0\s5 0\s2\s0\s5 0\s0.5\s5 0\s2\s0\s5
207 -2336 -1568 -2400 -1568 4 CLR-
207 -2336 -1504 -2400 -1504 5 P3
207 -2336 -1472 -2400 -1472 4 CLK
g -2336 -1536 -2400 -1536 0 0
207 -2240 -1568 -2176 -1568 4 GWE
207 -2240 -1168 -2176 -1168 4 MWE
g -2336 -1136 -2400 -1136 0 0
207 -2336 -1072 -2400 -1072 4 CLK
207 -2336 -1104 -2400 -1104 5 P2
207 -2336 -1168 -2400 -1168 4 CLR-
410 -2336 -1168 -1968 -144 1 REG1 0\s0 0\s2\s0\s5 0\s2\s0\s5 0\s2\s0\s5 0\s0.5\s5 0\s2\s0\s5
x -2332 -1614 -2228 -1611 4 24 REG_WE
x -2339 -1211 -2234 -1208 4 24 RAM_WE
207 -1600 -1248 -1648 -1248 4 CLK
x -2427 -3525 -2337 -3522 4 24 EXE_PL
155 -1568 -2352 -1552 -2352 0 0
207 -1568 -2320 -1632 -2320 4 CLK
152 -1360 -2368 -1248 -2368 0 2 5 5
w -1472 -2352 -1360 -2352 0
w -1568 -2352 -1568 -2384 0
w -1568 -2384 -1360 -2384 0
155 -1248 -2368 -1232 -2368 0 0
207 -1248 -2336 -1248 -2256 4 CLK
207 -1152 -2368 -1072 -2368 5 N
x -1381 -2460 -1305 -2457 4 24 DELAY
150 -1392 -2128 -1280 -2128 0 2 5 5
150 -1392 -2048 -1280 -2048 0 2 5 5
150 -1392 -1888 -1280 -1888 0 2 0 5
150 -1392 -1968 -1280 -1968 0 2 0 5
207 -1280 -2128 -1200 -2128 5 P0
207 -1280 -2048 -1200 -2048 5 P1
207 -1280 -1888 -1200 -1888 5 P3
207 -1280 -1968 -1200 -1968 5 P2
207 -1392 -2144 -1456 -2144 4 OP0
207 -1392 -2064 -1456 -2064 4 OP1
207 -1392 -1904 -1456 -1904 4 OP3
207 -1392 -1984 -1456 -1984 4 OP2
w -1392 -2112 -1488 -2112 0
w -1392 -2032 -1488 -2032 0
w -1392 -1952 -1488 -1952 0
w -1392 -1872 -1488 -1872 0
w -1488 -1872 -1488 -1952 0
w -1488 -1952 -1488 -2032 0
w -1488 -2032 -1488 -2112 0
I -1584 -2112 -1488 -2112 0 0.5 5
207 -1584 -2112 -1632 -2112 5 N
x -1332 -1615 -1252 -1612 4 24 CFLAG
207 -880 -1472 -800 -1472 5 CFLAG
207 -3728 -1104 -3808 -1104 5 CFLAG
207 -1568 -2384 -1632 -2384 5 CFLAG
I -1504 -1456 -1504 -1376 0 0.5 5
w -1504 -1456 -1376 -1456 0
. EXE_PL 0 2 18 31 A0 110 8 2 A1 114 9 2 A2 112 10 2 B0 111 11 2 B1 115 12 2 B2 113 13 2 CLK 26 0 1 CLR- 27 1 1 D0 5 0 2 D1 6 1 2 D2 7 2 2 D3 8 3 2 GWE 262 4 3 M0 122 14 2 M1 123 15 2 M2 124 16 2 MWE 270 8 3 OP0 292 4 2 OP1 294 5 2 OP2 298 6 2 OP3 296 7 2 PC0 29 0 3 PC1 30 1 3 PC2 31 2 3 PC3 32 3 3 QM0 226 9 3 QM1 224 10 3 QM2 222 11 3 R0 188 5 3 R1 198 6 3 R2 208 7 3 CustomCompositeElm\s62\s63\s64\s65\s5\s6\s7\s8\s81\s10\s11\s12\s13\rCustomCompositeElm\s10\s11\s12\s26\s27\s13\s28\s29\s30\s31\s32\rGroundElm\s28\rCustomCompositeElm\s29\s30\s31\s32\s59\s60\s60\s60\s61\s62\s63\s64\s65\rRailElm\s59\rGroundElm\s60\rAndGateElm\s77\s78\s79\s80\s81\rInverterElm\s82\s80\rInverterElm\s83\s79\rOrGateElm\s87\s88\s77\rAndGateElm\s89\s90\s87\rCustomCompositeElm\s26\s27\s94\s95\s89\rNorGateElm\s82\s83\s78\s105\s95\rInverterElm\s88\s105\rNorGateElm\s107\s108\s109\s94\rXorGateElm\s110\s111\s107\rXorGateElm\s112\s113\s109\rXorGateElm\s114\s115\s108\rCustomCompositeElm\s122\s123\s124\s111\s115\s113\s88\s129\s130\s131\rCustomCompositeElm\s5\s6\s7\s144\s145\s146\s88\s148\s149\s150\rCustomCompositeElm\s129\s130\s131\s148\s149\s150\s78\s161\s162\s163\rCustomCompositeElm\s110\s114\s112\s111\s115\s113\s182\s144\s145\s146\rCustomCompositeElm\s26\s27\s161\s187\s188\rGroundElm\s187\rGroundElm\s195\rCustomCompositeElm\s26\s27\s162\s195\s198\rCustomCompositeElm\s26\s27\s163\s207\s208\rGroundElm\s207\rGroundElm\s228\rCustomCompositeElm\s26\s27\s112\s228\s222\rCustomCompositeElm\s26\s27\s114\s241\s224\rGroundElm\s241\rGroundElm\s248\rCustomCompositeElm\s26\s27\s110\s248\s226\rCustomCompositeElm\s26\s27\s82\s261\s262\rGroundElm\s261\rGroundElm\s272\rCustomCompositeElm\s26\s27\s83\s272\s270\rDFlipFlopElm\s81\s283\s284\s26\rOrGateElm\s283\s81\s286\rDFlipFlopElm\s286\s287\s288\s26\rAndGateElm\s291\s292\s88\rAndGateElm\s291\s294\s78\rAndGateElm\s291\s296\s82\rAndGateElm\s291\s298\s83\rInverterElm\s287\s291\rInverterElm\s88\s90 1\\sMUX_4X2\\s0\\\\s2\\\\s0\\\\s5\\s0\\\\s2\\\\s0\\\\s5\\s0\\\\s2\\\\s0\\\\s5\\s0\\\\s0.5\\\\s5\\s0\\\\s2\\\\s0\\\\s5\\s0\\\\s2\\\\s0\\\\s5\\s0\\\\s2\\\\s0\\\\s5\\s0\\\\s2\\\\s0\\\\s5\\s0\\\\s2\\\\s0\\\\s5\\s0\\\\s2\\\\s0\\\\s5\\s0\\\\s2\\\\s0\\\\s5\\s0\\\\s2\\\\s0\\\\s5\\s0\\\\s2\\\\s0\\\\s5\\s0\\\\s0.5\\\\s5\\s0\\\\s0.5\\\\s5\\s0\\\\s0.5\\\\s5\s1\\sREG4\\s1\\\\sREG1\\\\s0\\\\\\\\s0\\\\s0\\\\\\\\s2\\\\\\\\s0\\\\\\\\s5\\\\s0\\\\\\\\s2\\\\\\\\s0\\\\\\\\s5\\\\s0\\\\\\\\s2\\\\\\\\s0\\\\\\\\s5\\\\s0\\\\\\\\s0.5\\\\\\\\s5\\\\s0\\\\\\\\s2\\\\\\\\s0\\\\\\\\s5\\s1\\\\sREG1\\\\s0\\\\\\\\s0\\\\s0\\\\\\\\s2\\\\\\\\s0\\\\\\\\s5\\\\s0\\\\\\\\s2\\\\\\\\s0\\\\\\\\s5\\\\s0\\\\\\\\s2\\\\\\\\s0\\\\\\\\s5\\\\s0\\\\\\\\s0.5\\\\\\\\s5\\\\s0\\\\\\\\s2\\\\\\\\s0\\\\\\\\s5\\s1\\\\sREG1\\\\s0\\\\\\\\s0\\\\s0\\\\\\\\s2\\\\\\\\s0\\\\\\\\s5\\\\s0\\\\\\\\s2\\\\\\\\s0\\\\\\\\s5\\\\s0\\\\\\\\s2\\\\\\\\s0\\\\\\\\s5\\\\s0\\\\\\\\s0.5\\\\\\\\s5\\\\s0\\\\\\\\s2\\\\\\\\s0\\\\\\\\s5\\s1\\\\sREG1\\\\s0\\\\\\\\s0\\\\s0\\\\\\\\s2\\\\\\\\s0\\\\\\\\s5\\\\s0\\\\\\\\s2\\\\\\\\s0\\\\\\\\s5\\\\s0\\\\\\\\s2\\\\\\\\s0\\\\\\\\s5\\\\s0\\\\\\\\s0.5\\\\\\\\s5\\\\s0\\\\\\\\s2\\\\\\\\s0\\\\\\\\s5\s0\\s0\s1\\sADD4\\s0\\s0\\s0\\s0\s0\\s0\\s40\\s5\\s0\\s0\\s0.5\s0\\s0\s0\\s4\\s5\\s5\s0\\s0.5\\s5\s0\\s0.5\\s5\s0\\s2\\s5\\s5\s0\\s2\\s0\\s5\s1\\sREG1\\s0\\\\s0\\s0\\\\s2\\\\s0\\\\s5\\s0\\\\s2\\\\s5\\\\s5\\s0\\\\s2\\\\s5\\\\s5\\s0\\\\s0.5\\\\s5\\s0\\\\s2\\\\s0\\\\s5\s0\\s4\\s0\\s5\s0\\s0.5\\s5\s0\\s3\\s5\\s5\s0\\s2\\s0\\s5\s0\\s2\\s0\\s5\s0\\s2\\s0\\s5\s1\\sMUX_3X2\\s0\\\\s2\\\\s0\\\\s5\\s0\\\\s2\\\\s0\\\\s5\\s0\\\\s2\\\\s0\\\\s5\\s0\\\\s2\\\\s0\\\\s5\\s0\\\\s2\\\\s0\\\\s5\\s0\\\\s2\\\\s0\\\\s5\\s0\\\\s2\\\\s0\\\\s5\\s0\\\\s2\\\\s0\\\\s5\\s0\\\\s2\\\\s0\\\\s5\\s0\\\\s0.5\\\\s5\\s0\\\\s0.5\\\\s5\\s0\\\\s0.5\\\\s5\s1\\sMUX_3X2\\s0\\\\s2\\\\s0\\\\s5\\s0\\\\s2\\\\s0\\\\s5\\s0\\\\s2\\\\s0\\\\s5\\s0\\\\s2\\\\s0\\\\s5\\s0\\\\s2\\\\s0\\\\s5\\s0\\\\s2\\\\s0\\\\s5\\s0\\\\s2\\\\s0\\\\s5\\s0\\\\s2\\\\s0\\\\s5\\s0\\\\s2\\\\s0\\\\s5\\s0\\\\s0.5\\\\s5\\s0\\\\s0.5\\\\s5\\s0\\\\s0.5\\\\s5\s1\\sMUX_3X2\\s0\\\\s2\\\\s0\\\\s5\\s0\\\\s2\\\\s0\\\\s5\\s0\\\\s2\\\\s0\\\\s5\\s0\\\\s2\\\\s0\\\\s5\\s0\\\\s2\\\\s0\\\\s5\\s0\\\\s2\\\\s0\\\\s5\\s0\\\\s2\\\\s0\\\\s5\\s0\\\\s2\\\\s0\\\\s5\\s0\\\\s2\\\\s0\\\\s5\\s0\\\\s0.5\\\\s5\\s0\\\\s0.5\\\\s5\\s0\\\\s0.5\\\\s5\s1\\sADD3\\s0\\s0\\s0\s1\\sREG1\\s0\\\\s0\\s0\\\\s2\\\\s0\\\\s5\\s0\\\\s2\\\\s0\\\\s5\\s0\\\\s2\\\\s0\\\\s5\\s0\\\\s0.5\\\\s5\\s0\\\\s2\\\\s0\\\\s5\s0\\s0\s0\\s0\s1\\sREG1\\s0\\\\s0\\s0\\\\s2\\\\s0\\\\s5\\s0\\\\s2\\\\s0\\\\s5\\s0\\\\s2\\\\s0\\\\s5\\s0\\\\s0.5\\\\s5\\s0\\\\s2\\\\s0\\\\s5\s1\\sREG1\\s0\\\\s0\\s0\\\\s2\\\\s0\\\\s5\\s0\\\\s2\\\\s0\\\\s5\\s0\\\\s2\\\\s0\\\\s5\\s0\\\\s0.5\\\\s5\\s0\\\\s2\\\\s0\\\\s5\s0\\s0\s0\\s0\s1\\sREG1\\s0\\\\s0\\s0\\\\s2\\\\s0\\\\s5\\s0\\\\s2\\\\s0\\\\s5\\s0\\\\s2\\\\s0\\\\s5\\s0\\\\s0.5\\\\s5\\s0\\\\s2\\\\s0\\\\s5\s1\\sREG1\\s0\\\\s0\\s0\\\\s2\\\\s0\\\\s5\\s0\\\\s2\\\\s0\\\\s5\\s0\\\\s2\\\\s0\\\\s5\\s0\\\\s0.5\\\\s5\\s0\\\\s2\\\\s0\\\\s5\s0\\s0\s0\\s0\s1\\sREG1\\s0\\\\s0\\s0\\\\s2\\\\s0\\\\s5\\s0\\\\s2\\\\s0\\\\s5\\s0\\\\s2\\\\s0\\\\s5\\s0\\\\s0.5\\\\s5\\s0\\\\s2\\\\s0\\\\s5\s1\\sREG1\\s0\\\\s0\\s0\\\\s2\\\\s0\\\\s5\\s0\\\\s2\\\\s0\\\\s5\\s0\\\\s2\\\\s0\\\\s5\\s0\\\\s0.5\\\\s5\\s0\\\\s2\\\\s0\\\\s5\s0\\s0\s0\\s0\s1\\sREG1\\s0\\\\s0\\s0\\\\s2\\\\s0\\\\s5\\s0\\\\s2\\\\s0\\\\s5\\s0\\\\s2\\\\s0\\\\s5\\s0\\\\s0.5\\\\s5\\s0\\\\s2\\\\s0\\\\s5\s0\\s0\s0\\s2\\s5\\s5\s0\\s0\s0\\s2\\s5\\s5\s0\\s2\\s5\\s5\s0\\s2\\s0\\s5\s0\\s2\\s0\\s5\s0\\s0.5\\s5\s0\\s0.5\\s5
410 -2432 -3456 -2416 -3360 1 EXE_PL 1\sMUX_4X2\s0\\s2\\s0\\s5\s0\\s2\\s0\\s5\s0\\s2\\s0\\s5\s0\\s0.5\\s5\s0\\s2\\s0\\s5\s0\\s2\\s0\\s5\s0\\s2\\s0\\s5\s0\\s2\\s0\\s5\s0\\s2\\s0\\s5\s0\\s2\\s0\\s5\s0\\s2\\s0\\s5\s0\\s2\\s0\\s5\s0\\s2\\s0\\s5\s0\\s0.5\\s5\s0\\s0.5\\s5\s0\\s0.5\\s5 1\sREG4\s1\\sREG1\\s0\\\\s0\\s0\\\\s2\\\\s0\\\\s5\\s0\\\\s2\\\\s0\\\\s5\\s0\\\\s2\\\\s0\\\\s5\\s0\\\\s0.5\\\\s5\\s0\\\\s2\\\\s0\\\\s5\s1\\sREG1\\s0\\\\s0\\s0\\\\s2\\\\s0\\\\s5\\s0\\\\s2\\\\s0\\\\s5\\s0\\\\s2\\\\s0\\\\s5\\s0\\\\s0.5\\\\s5\\s0\\\\s2\\\\s0\\\\s5\s1\\sREG1\\s0\\\\s0\\s0\\\\s2\\\\s0\\\\s5\\s0\\\\s2\\\\s0\\\\s5\\s0\\\\s2\\\\s0\\\\s5\\s0\\\\s0.5\\\\s5\\s0\\\\s2\\\\s0\\\\s5\s1\\sREG1\\s0\\\\s0\\s0\\\\s2\\\\s0\\\\s5\\s0\\\\s2\\\\s0\\\\s5\\s0\\\\s2\\\\s0\\\\s5\\s0\\\\s0.5\\\\s5\\s0\\\\s2\\\\s0\\\\s5 0\s0 1\sADD4\s0\s0\s0\s0 0\s0\s40\s5\s0\s0\s0.5 0\s0 0\s4\s0\s5 0\s0.5\s5 0\s0.5\s5 0\s2\s0\s5 0\s2\s0\s5 1\sREG1\s0\\s0\s0\\s2\\s0\\s5\s0\\s2\\s0\\s5\s0\\s2\\s0\\s5\s0\\s0.5\\s5\s0\\s2\\s0\\s5 0\s4\s0\s5 0\s0.5\s5 0\s3\s0\s5 0\s2\s0\s5 0\s2\s0\s5 0\s2\s0\s5 1\sMUX_3X2\s0\\s2\\s0\\s5\s0\\s2\\s0\\s5\s0\\s2\\s0\\s5\s0\\s2\\s0\\s5\s0\\s2\\s0\\s5\s0\\s2\\s0\\s5\s0\\s2\\s0\\s5\s0\\s2\\s0\\s5\s0\\s2\\s0\\s5\s0\\s0.5\\s5\s0\\s0.5\\s5\s0\\s0.5\\s5 1\sMUX_3X2\s0\\s2\\s0\\s5\s0\\s2\\s0\\s5\s0\\s2\\s0\\s5\s0\\s2\\s0\\s5\s0\\s2\\s0\\s5\s0\\s2\\s0\\s5\s0\\s2\\s0\\s5\s0\\s2\\s0\\s5\s0\\s2\\s0\\s5\s0\\s0.5\\s5\s0\\s0.5\\s5\s0\\s0.5\\s5 1\sMUX_3X2\s0\\s2\\s0\\s5\s0\\s2\\s0\\s5\s0\\s2\\s0\\s5\s0\\s2\\s0\\s5\s0\\s2\\s0\\s5\s0\\s2\\s0\\s5\s0\\s2\\s0\\s5\s0\\s2\\s0\\s5\s0\\s2\\s0\\s5\s0\\s0.5\\s5\s0\\s0.5\\s5\s0\\s0.5\\s5 1\sADD3\s0\s0\s0 1\sREG1\s0\\s0\s0\\s2\\s0\\s5\s0\\s2\\s0\\s5\s0\\s2\\s0\\s5\s0\\s0.5\\s5\s0\\s2\\s0\\s5 0\s0 0\s0 1\sREG1\s0\\s0\s0\\s2\\s0\\s5\s0\\s2\\s0\\s5\s0\\s2\\s0\\s5\s0\\s0.5\\s5\s0\\s2\\s0\\s5 1\sREG1\s0\\s0\s0\\s2\\s0\\s5\s0\\s2\\s0\\s5\s0\\s2\\s0\\s5\s0\\s0.5\\s5\s0\\s2\\s0\\s5 0\s0 0\s0 1\sREG1\s0\\s0\s0\\s2\\s0\\s5\s0\\s2\\s0\\s5\s0\\s2\\s0\\s5\s0\\s0.5\\s5\s0\\s2\\s0\\s5 1\sREG1\s0\\s0\s0\\s2\\s0\\s5\s0\\s2\\s0\\s5\s0\\s2\\s0\\s5\s0\\s0.5\\s5\s0\\s2\\s0\\s5 0\s0 0\s0 1\sREG1\s0\\s0\s0\\s2\\s0\\s5\s0\\s2\\s0\\s5\s0\\s2\\s0\\s5\s0\\s0.5\\s5\s0\\s2\\s0\\s5 1\sREG1\s0\\s0\s0\\s2\\s0\\s5\s0\\s2\\s0\\s5\s0\\s2\\s0\\s5\s0\\s0.5\\s5\s0\\s2\\s0\\s5 0\s0 0\s0 1\sREG1\s0\\s0\s0\\s2\\s0\\s5\s0\\s2\\s0\\s5\s0\\s2\\s0\\s5\s0\\s0.5\\s5\s0\\s2\\s0\\s5 0\s0 0\s2\s0\s5 0\s0 0\s2\s0\s5 0\s2\s0\s5 0\s2\s0\s5 0\s2\s0\s5 0\s0.5\s5 0\s0.5\s5
b -4240 -2608 -457 -830 0
