$ 1 0.000005 10.20027730826997 50 5 50 5e-11
207 800 832 704 832 4 A2
207 800 864 704 864 4 N
207 800 960 704 960 4 B2
207 800 992 704 992 4 N
w 992 928 992 976 0
w 992 848 992 896 0
150 880 976 992 976 0 2 0 5
150 880 848 992 848 0 2 0 5
152 992 912 1120 912 0 2 0 5
207 800 608 704 608 4 A1
207 800 640 704 640 4 N
207 800 736 704 736 4 B1
207 800 768 704 768 4 N
w 992 704 992 752 0
w 992 624 992 672 0
150 880 752 992 752 0 2 0 5
150 880 624 992 624 0 2 0 5
152 992 688 1120 688 0 2 0 5
207 800 384 704 384 4 A0
207 800 416 704 416 4 N
207 800 512 704 512 4 B0
207 800 544 704 544 4 N
w 992 480 992 528 0
w 992 400 992 448 0
150 880 528 992 528 0 2 0 5
150 880 400 992 400 0 2 0 5
152 992 464 1120 464 0 2 0 5
207 1120 912 1200 912 4 R2
207 1120 688 1200 688 4 R1
207 1120 464 1200 464 4 R0
x 909 -108 1018 -105 4 24 MUX_3X2
w 880 832 800 832 0
w 880 992 800 992 0
w 880 960 800 960 0
I 800 864 880 864 0 0.5 5
w 880 608 800 608 0
w 880 768 800 768 0
w 880 736 800 736 0
I 800 640 880 640 0 0.5 5
w 880 384 800 384 0
w 880 544 800 544 0
w 880 512 800 512 0
I 800 416 880 416 0 0.5 5
. MUX_3X2 0 2 7 10 A0 22 0 2 A1 12 1 2 A2 1 2 2 B0 25 3 2 B1 15 4 2 B2 5 5 2 N 3 6 2 R0 31 0 3 R1 21 1 3 R2 11 2 3 AndGateElm\s3\s5\s8\rAndGateElm\s10\s1\s9\rOrGateElm\s8\s9\s11\rAndGateElm\s3\s15\s18\rAndGateElm\s20\s12\s19\rOrGateElm\s18\s19\s21\rAndGateElm\s3\s25\s28\rAndGateElm\s30\s22\s29\rOrGateElm\s28\s29\s31\rInverterElm\s3\s10\rInverterElm\s3\s20\rInverterElm\s3\s30 0\\s2\\s0\\s5\s0\\s2\\s0\\s5\s0\\s2\\s0\\s5\s0\\s2\\s0\\s5\s0\\s2\\s0\\s5\s0\\s2\\s0\\s5\s0\\s2\\s0\\s5\s0\\s2\\s0\\s5\s0\\s2\\s0\\s5\s0\\s0.5\\s5\s0\\s0.5\\s5\s0\\s0.5\\s5
410 912 -16 928 0 1 MUX_3X2 0\s2\s0\s5 0\s2\s0\s5 0\s2\s0\s5 0\s2\s0\s5 0\s2\s0\s5 0\s2\s0\s5 0\s2\s0\s5 0\s2\s0\s5 0\s2\s0\s5 0\s0.5\s5 0\s0.5\s5 0\s0.5\s5
