$ 1 0.000005 10.20027730826997 50 5 50 5e-11
150 432 144 560 144 0 3 0 5
150 432 288 560 288 0 3 0 5
I 256 144 336 144 0 0.5 5
w 336 144 432 144 0
w 432 128 432 96 0
w 432 96 256 96 0
w 432 160 432 192 0
w 432 192 256 192 0
w 432 272 432 240 0
w 432 336 256 336 0
w 432 288 256 288 0
w 432 304 432 336 0
I 256 240 336 240 0 0.5 5
w 336 240 432 240 0
153 432 432 560 432 0 4 0 5
w 256 400 432 400 0
w 256 416 432 416 0
w 256 464 432 464 0
w 256 448 432 448 0
153 752 288 864 288 0 3 0 5
w 560 144 752 144 0
w 752 144 752 272 0
w 560 288 752 288 0
w 560 432 752 432 0
w 752 432 752 304 0
207 864 288 928 288 4 WEN
207 256 96 176 96 4 OP1
207 256 144 176 144 4 OP2
207 256 192 176 192 4 OP3
207 256 336 176 336 4 OP3
207 256 288 176 288 4 OP2
207 256 240 176 240 4 OP0
207 256 400 176 400 4 OP0
207 256 416 176 416 4 OP1
207 256 464 176 464 4 OP3
207 256 448 176 448 4 OP2
. REG_WEN 0 2 4 5 OP0 10 0 2 OP1 3 1 2 OP2 9 2 2 OP3 1 3 2 WEN 16 0 3 AndGateElm\s1\s2\s3\s4\rAndGateElm\s1\s9\s7\s8\rInverterElm\s9\s2\rInverterElm\s10\s7\rNorGateElm\s1\s9\s3\s10\s15\rNorGateElm\s15\s8\s4\s16 0\\s3\\s0\\s5\s0\\s3\\s0\\s5\s0\\s0.5\\s5\s0\\s0.5\\s5\s0\\s4\\s0\\s5\s0\\s3\\s0\\s5
410 416 -192 432 -96 1 REG_WEN 0\s3\s0\s5 0\s3\s0\s5 0\s0.5\s5 0\s0.5\s5 0\s4\s0\s5 0\s3\s0\s5
