$ 1 0.000005 10.20027730826997 50 5 50 5e-11
. SUBMUX 0 2 9 13 A1 32 0 2 A2 22 1 2 A3 12 2 2 A4 5 3 2 B1 35 4 2 B2 25 5 2 B3 15 6 2 B4 7 7 2 C 6 0 1 Y1 41 0 3 Y2 31 1 3 Y3 21 2 3 Y4 3 3 3 OrGateElm\s1\s2\s3\rAndGateElm\s4\s5\s2\rAndGateElm\s6\s7\s1\rInverterElm\s6\s4\rAndGateElm\s6\s15\s18\rAndGateElm\s20\s12\s19\rOrGateElm\s18\s19\s21\rAndGateElm\s6\s25\s28\rAndGateElm\s30\s22\s29\rOrGateElm\s28\s29\s31\rAndGateElm\s6\s35\s38\rAndGateElm\s40\s32\s39\rOrGateElm\s38\s39\s41\rInverterElm\s6\s20\rInverterElm\s6\s30\rInverterElm\s6\s40 0\\s2\\s0\\s5\s0\\s2\\s0\\s5\s0\\s2\\s0\\s5\s0\\s0.5\\s5\s0\\s2\\s0\\s5\s0\\s2\\s0\\s5\s0\\s2\\s0\\s5\s0\\s2\\s0\\s5\s0\\s2\\s0\\s5\s0\\s2\\s0\\s5\s0\\s2\\s0\\s5\s0\\s2\\s0\\s5\s0\\s2\\s0\\s5\s0\\s0.5\\s5\s0\\s0.5\\s5\s0\\s0.5\\s5
. MUX 0 2 17 22 A1 5 0 2 A2 7 1 2 A3 3 2 2 A4 1 3 2 B1 13 4 2 B2 15 5 2 B3 11 6 2 B4 9 7 2 C1 21 8 2 C2 23 9 2 C3 17 10 2 C4 19 11 2 D1 29 12 2 D2 31 13 2 D3 27 14 2 D4 25 15 2 X1 33 0 1 X2 36 1 1 Y1 52 0 3 Y2 50 1 3 Y3 48 2 3 Y4 46 3 3 CustomCompositeElm\s21\s23\s17\s19\s29\s31\s27\s25\s33\s42\s43\s44\s45\rCustomCompositeElm\s5\s7\s3\s1\s13\s15\s11\s9\s33\s38\s39\s40\s41\rCustomCompositeElm\s38\s39\s40\s41\s42\s43\s44\s45\s36\s52\s50\s48\s46 1\\sSUBMUX\\s0\\\\s2\\\\s0\\\\s5\\s0\\\\s2\\\\s0\\\\s5\\s0\\\\s2\\\\s0\\\\s5\\s0\\\\s0.5\\\\s5\\s0\\\\s2\\\\s0\\\\s5\\s0\\\\s2\\\\s0\\\\s5\\s0\\\\s2\\\\s0\\\\s5\\s0\\\\s2\\\\s0\\\\s5\\s0\\\\s2\\\\s0\\\\s5\\s0\\\\s2\\\\s0\\\\s5\\s0\\\\s2\\\\s0\\\\s5\\s0\\\\s2\\\\s0\\\\s5\\s0\\\\s2\\\\s0\\\\s5\\s0\\\\s0.5\\\\s5\\s0\\\\s0.5\\\\s5\\s0\\\\s0.5\\\\s5\s1\\sSUBMUX\\s0\\\\s2\\\\s0\\\\s5\\s0\\\\s2\\\\s0\\\\s5\\s0\\\\s2\\\\s0\\\\s5\\s0\\\\s0.5\\\\s5\\s0\\\\s2\\\\s0\\\\s5\\s0\\\\s2\\\\s0\\\\s5\\s0\\\\s2\\\\s0\\\\s5\\s0\\\\s2\\\\s0\\\\s5\\s0\\\\s2\\\\s0\\\\s5\\s0\\\\s2\\\\s0\\\\s5\\s0\\\\s2\\\\s0\\\\s5\\s0\\\\s2\\\\s0\\\\s5\\s0\\\\s2\\\\s0\\\\s5\\s0\\\\s0.5\\\\s5\\s0\\\\s0.5\\\\s5\\s0\\\\s0.5\\\\s5\s1\\sSUBMUX\\s0\\\\s2\\\\s0\\\\s5\\s0\\\\s2\\\\s0\\\\s5\\s0\\\\s2\\\\s0\\\\s5\\s0\\\\s0.5\\\\s5\\s0\\\\s2\\\\s0\\\\s5\\s0\\\\s2\\\\s0\\\\s5\\s0\\\\s2\\\\s0\\\\s5\\s0\\\\s2\\\\s0\\\\s5\\s0\\\\s2\\\\s0\\\\s5\\s0\\\\s2\\\\s0\\\\s5\\s0\\\\s2\\\\s0\\\\s5\\s0\\\\s2\\\\s0\\\\s5\\s0\\\\s2\\\\s0\\\\s5\\s0\\\\s0.5\\\\s5\\s0\\\\s0.5\\\\s5\\s0\\\\s0.5\\\\s5
410 624 160 640 192 1 MUX 1\sSUBMUX\s0\\s2\\s0\\s5\s0\\s2\\s0\\s5\s0\\s2\\s0\\s5\s0\\s0.5\\s5\s0\\s2\\s0\\s5\s0\\s2\\s0\\s5\s0\\s2\\s0\\s5\s0\\s2\\s0\\s5\s0\\s2\\s0\\s5\s0\\s2\\s0\\s5\s0\\s2\\s0\\s5\s0\\s2\\s0\\s5\s0\\s2\\s0\\s5\s0\\s0.5\\s5\s0\\s0.5\\s5\s0\\s0.5\\s5 1\sSUBMUX\s0\\s2\\s0\\s5\s0\\s2\\s0\\s5\s0\\s2\\s0\\s5\s0\\s0.5\\s5\s0\\s2\\s0\\s5\s0\\s2\\s0\\s5\s0\\s2\\s0\\s5\s0\\s2\\s0\\s5\s0\\s2\\s0\\s5\s0\\s2\\s0\\s5\s0\\s2\\s0\\s5\s0\\s2\\s0\\s5\s0\\s2\\s0\\s5\s0\\s0.5\\s5\s0\\s0.5\\s5\s0\\s0.5\\s5 1\sSUBMUX\s0\\s2\\s0\\s5\s0\\s2\\s0\\s5\s0\\s2\\s0\\s5\s0\\s0.5\\s5\s0\\s2\\s0\\s5\s0\\s2\\s0\\s5\s0\\s2\\s0\\s5\s0\\s2\\s0\\s5\s0\\s2\\s0\\s5\s0\\s2\\s0\\s5\s0\\s2\\s0\\s5\s0\\s2\\s0\\s5\s0\\s2\\s0\\s5\s0\\s0.5\\s5\s0\\s0.5\\s5\s0\\s0.5\\s5
207 624 160 560 160 4 A0
207 624 192 560 192 4 A1
207 624 256 560 256 4 A3
207 624 224 560 224 4 A2
207 624 352 560 352 4 B2
207 624 384 560 384 4 B3
207 624 320 560 320 4 B1
207 624 288 560 288 4 B0
207 624 544 560 544 4 D0
207 624 576 560 576 4 D1
207 624 640 560 640 4 D3
207 624 608 560 608 4 D2
207 624 512 560 512 4 C3
207 624 416 560 416 4 C0
207 624 480 560 480 4 C2
207 624 448 560 448 4 C1
207 656 704 656 768 4 N0
207 688 704 688 768 4 N1
207 992 160 1072 160 4 R0
207 992 272 1072 272 4 R1
207 992 496 1072 496 4 R3
207 992 384 1072 384 4 R2
155 896 160 912 160 0 0
155 896 272 912 272 0 0
155 896 384 912 384 0 0
155 896 496 912 496 0 0
155 1216 272 1232 272 0 0
155 1216 160 1232 160 0 0
w 720 160 896 160 0
w 720 192 816 192 0
w 816 192 816 272 0
w 816 272 896 272 0
w 720 224 784 224 0
w 784 224 784 384 0
w 784 384 896 384 0
w 720 256 752 256 0
w 752 256 752 496 0
w 752 496 896 496 0
207 896 192 864 192 4 CLK
207 896 304 864 304 4 CLK
207 896 416 864 416 4 CLK
207 896 528 864 528 4 CLK
207 1216 192 1184 192 4 CLK
207 1216 304 1184 304 4 CLK
207 1216 160 1184 160 4 N0
207 1216 272 1184 272 4 N1
207 1312 160 1376 160 4 Y0
207 1312 272 1376 272 4 Y1
. reg_dc 0 2 19 25 A0 1 0 2 A1 2 1 2 A2 3 2 2 A3 4 3 2 B0 5 4 2 B1 6 5 2 B2 7 6 2 B3 8 7 2 C0 9 8 2 C1 10 9 2 C2 11 10 2 C3 12 11 2 CLK 94 0 1 D0 13 12 2 D1 14 13 2 D2 15 14 2 D3 16 15 2 N0 17 16 2 N1 18 17 2 R0 85 14 3 R1 87 15 3 R2 91 16 3 R3 89 17 3 Y0 106 0 3 Y1 102 1 3 CustomCompositeElm\s1\s2\s3\s4\s5\s6\s7\s8\s9\s10\s11\s12\s13\s14\s15\s16\s17\s18\s19\s20\s21\s22\rDFlipFlopElm\s19\s85\s93\s94\rDFlipFlopElm\s20\s87\s95\s94\rDFlipFlopElm\s21\s91\s97\s94\rDFlipFlopElm\s22\s89\s99\s94\rDFlipFlopElm\s18\s102\s103\s94\rDFlipFlopElm\s17\s106\s107\s94 1\\sMUX\\s1\\\\sSUBMUX\\\\s0\\\\\\\\s2\\\\\\\\s0\\\\\\\\s5\\\\s0\\\\\\\\s2\\\\\\\\s0\\\\\\\\s5\\\\s0\\\\\\\\s2\\\\\\\\s0\\\\\\\\s5\\\\s0\\\\\\\\s0.5\\\\\\\\s5\\\\s0\\\\\\\\s2\\\\\\\\s0\\\\\\\\s5\\\\s0\\\\\\\\s2\\\\\\\\s0\\\\\\\\s5\\\\s0\\\\\\\\s2\\\\\\\\s0\\\\\\\\s5\\\\s0\\\\\\\\s2\\\\\\\\s0\\\\\\\\s5\\\\s0\\\\\\\\s2\\\\\\\\s0\\\\\\\\s5\\\\s0\\\\\\\\s2\\\\\\\\s0\\\\\\\\s5\\\\s0\\\\\\\\s2\\\\\\\\s0\\\\\\\\s5\\\\s0\\\\\\\\s2\\\\\\\\s0\\\\\\\\s5\\\\s0\\\\\\\\s2\\\\\\\\s0\\\\\\\\s5\\\\s0\\\\\\\\s0.5\\\\\\\\s5\\\\s0\\\\\\\\s0.5\\\\\\\\s5\\\\s0\\\\\\\\s0.5\\\\\\\\s5\\s1\\\\sSUBMUX\\\\s0\\\\\\\\s2\\\\\\\\s0\\\\\\\\s5\\\\s0\\\\\\\\s2\\\\\\\\s0\\\\\\\\s5\\\\s0\\\\\\\\s2\\\\\\\\s0\\\\\\\\s5\\\\s0\\\\\\\\s0.5\\\\\\\\s5\\\\s0\\\\\\\\s2\\\\\\\\s0\\\\\\\\s5\\\\s0\\\\\\\\s2\\\\\\\\s0\\\\\\\\s5\\\\s0\\\\\\\\s2\\\\\\\\s0\\\\\\\\s5\\\\s0\\\\\\\\s2\\\\\\\\s0\\\\\\\\s5\\\\s0\\\\\\\\s2\\\\\\\\s0\\\\\\\\s5\\\\s0\\\\\\\\s2\\\\\\\\s0\\\\\\\\s5\\\\s0\\\\\\\\s2\\\\\\\\s0\\\\\\\\s5\\\\s0\\\\\\\\s2\\\\\\\\s0\\\\\\\\s5\\\\s0\\\\\\\\s2\\\\\\\\s0\\\\\\\\s5\\\\s0\\\\\\\\s0.5\\\\\\\\s5\\\\s0\\\\\\\\s0.5\\\\\\\\s5\\\\s0\\\\\\\\s0.5\\\\\\\\s5\\s1\\\\sSUBMUX\\\\s0\\\\\\\\s2\\\\\\\\s0\\\\\\\\s5\\\\s0\\\\\\\\s2\\\\\\\\s0\\\\\\\\s5\\\\s0\\\\\\\\s2\\\\\\\\s0\\\\\\\\s5\\\\s0\\\\\\\\s0.5\\\\\\\\s5\\\\s0\\\\\\\\s2\\\\\\\\s0\\\\\\\\s5\\\\s0\\\\\\\\s2\\\\\\\\s0\\\\\\\\s5\\\\s0\\\\\\\\s2\\\\\\\\s0\\\\\\\\s5\\\\s0\\\\\\\\s2\\\\\\\\s0\\\\\\\\s5\\\\s0\\\\\\\\s2\\\\\\\\s0\\\\\\\\s5\\\\s0\\\\\\\\s2\\\\\\\\s0\\\\\\\\s5\\\\s0\\\\\\\\s2\\\\\\\\s0\\\\\\\\s5\\\\s0\\\\\\\\s2\\\\\\\\s0\\\\\\\\s5\\\\s0\\\\\\\\s2\\\\\\\\s0\\\\\\\\s5\\\\s0\\\\\\\\s0.5\\\\\\\\s5\\\\s0\\\\\\\\s0.5\\\\\\\\s5\\\\s0\\\\\\\\s0.5\\\\\\\\s5\s0\\s0\s0\\s0\s0\\s0\s0\\s0\s0\\s0\s0\\s0
410 896 -592 896 -512 1 reg_dc 1\sMUX\s1\\sSUBMUX\\s0\\\\s2\\\\s0\\\\s5\\s0\\\\s2\\\\s0\\\\s5\\s0\\\\s2\\\\s0\\\\s5\\s0\\\\s0.5\\\\s5\\s0\\\\s2\\\\s0\\\\s5\\s0\\\\s2\\\\s0\\\\s5\\s0\\\\s2\\\\s0\\\\s5\\s0\\\\s2\\\\s0\\\\s5\\s0\\\\s2\\\\s0\\\\s5\\s0\\\\s2\\\\s0\\\\s5\\s0\\\\s2\\\\s0\\\\s5\\s0\\\\s2\\\\s0\\\\s5\\s0\\\\s2\\\\s0\\\\s5\\s0\\\\s0.5\\\\s5\\s0\\\\s0.5\\\\s5\\s0\\\\s0.5\\\\s5\s1\\sSUBMUX\\s0\\\\s2\\\\s0\\\\s5\\s0\\\\s2\\\\s0\\\\s5\\s0\\\\s2\\\\s0\\\\s5\\s0\\\\s0.5\\\\s5\\s0\\\\s2\\\\s0\\\\s5\\s0\\\\s2\\\\s0\\\\s5\\s0\\\\s2\\\\s0\\\\s5\\s0\\\\s2\\\\s0\\\\s5\\s0\\\\s2\\\\s0\\\\s5\\s0\\\\s2\\\\s0\\\\s5\\s0\\\\s2\\\\s0\\\\s5\\s0\\\\s2\\\\s0\\\\s5\\s0\\\\s2\\\\s0\\\\s5\\s0\\\\s0.5\\\\s5\\s0\\\\s0.5\\\\s5\\s0\\\\s0.5\\\\s5\s1\\sSUBMUX\\s0\\\\s2\\\\s0\\\\s5\\s0\\\\s2\\\\s0\\\\s5\\s0\\\\s2\\\\s0\\\\s5\\s0\\\\s0.5\\\\s5\\s0\\\\s2\\\\s0\\\\s5\\s0\\\\s2\\\\s0\\\\s5\\s0\\\\s2\\\\s0\\\\s5\\s0\\\\s2\\\\s0\\\\s5\\s0\\\\s2\\\\s0\\\\s5\\s0\\\\s2\\\\s0\\\\s5\\s0\\\\s2\\\\s0\\\\s5\\s0\\\\s2\\\\s0\\\\s5\\s0\\\\s2\\\\s0\\\\s5\\s0\\\\s0.5\\\\s5\\s0\\\\s0.5\\\\s5\\s0\\\\s0.5\\\\s5 0\s0 0\s0 0\s0 0\s0 0\s0 0\s0
b 496 64 1447 828 0
x 906 -632 979 -629 4 24 reg_dc
x 640 118 693 121 4 24 MUX
