$ 1 0.000005 10.20027730826997 50 5 50 5e-11
x 397 -836 435 -833 4 24 WB
. REG1 0 2 4 5 CLK 4 3 2 CLR- 15 0 2 D 7 2 2 LD- 5 1 2 Q 2 0 3 DFlipFlopElm\s1\s2\s3\s4\rAndGateElm\s5\s2\s9\rAndGateElm\s7\s10\s11\rOrGateElm\s11\s9\s12\rInverterElm\s5\s10\rAndGateElm\s15\s12\s1 0\\s0\s0\\s2\\s0\\s5\s0\\s2\\s0\\s5\s0\\s2\\s0\\s5\s0\\s0.5\\s5\s0\\s2\\s0\\s5
410 480 -368 544 -368 1 REG1 0\s0 0\s2\s0\s5 0\s2\s0\s5 0\s2\s0\s5 0\s0.5\s5 0\s2\s0\s5
410 480 -224 544 -224 1 REG1 0\s0 0\s2\s0\s5 0\s2\s0\s5 0\s2\s0\s5 0\s0.5\s5 0\s2\s0\s5
410 480 -80 544 -80 1 REG1 0\s0 0\s2\s0\s5 0\s2\s0\s5 0\s2\s0\s5 0\s0.5\s5 0\s2\s0\s5
207 480 -368 416 -368 4 CLR-
207 480 -304 416 -304 4 R0
207 480 -272 416 -272 4 CLK
207 480 -128 416 -128 4 CLK
207 480 -160 416 -160 4 R1
207 480 -224 416 -224 4 CLR-
207 480 16 416 16 4 CLK
207 480 -16 416 -16 4 R2
207 480 -80 416 -80 4 CLR-
207 576 -368 640 -368 4 A0
207 576 -224 640 -224 4 A1
207 576 -80 640 -80 4 A2
151 304 -336 416 -336 0 2 0 5
w 416 -336 480 -336 0
207 192 -352 144 -352 4 N
I 192 -352 224 -352 0 0.5 5
207 192 -176 144 -176 4 WE
151 304 -48 416 -48 0 2 0 5
151 304 -192 416 -192 0 2 0 5
w 416 -192 480 -192 0
w 416 -48 480 -48 0
w 224 -352 256 -352 0
w 256 -352 304 -352 0
w 256 -352 256 -208 0
w 256 -208 256 -64 0
w 256 -64 304 -64 0
w 256 -208 304 -208 0
w 192 -176 272 -176 0
w 272 -176 304 -176 0
w 272 -176 272 -320 0
w 272 -320 304 -320 0
w 272 -176 272 -32 0
w 272 -32 304 -32 0
w 272 416 304 416 0
w 272 272 272 416 0
w 272 128 304 128 0
w 272 272 272 128 0
w 272 272 304 272 0
w 192 272 272 272 0
w 256 240 304 240 0
w 256 384 304 384 0
w 256 240 256 384 0
w 256 96 256 240 0
w 256 96 304 96 0
w 192 96 256 96 0
w 416 400 480 400 0
w 416 256 480 256 0
151 304 256 416 256 0 2 0 5
151 304 400 416 400 0 2 0 5
207 192 272 144 272 4 WE
207 192 96 144 96 4 N
w 416 112 480 112 0
151 304 112 416 112 0 2 0 5
207 576 368 640 368 4 B2
207 576 224 640 224 4 B1
207 576 80 640 80 4 B0
207 480 368 416 368 4 CLR-
207 480 432 416 432 4 R2
207 480 464 416 464 4 CLK
207 480 224 416 224 4 CLR-
207 480 288 416 288 4 R1
207 480 320 416 320 4 CLK
207 480 176 416 176 4 CLK
207 480 144 416 144 4 R0
207 480 80 416 80 4 CLR-
410 480 368 544 368 1 REG1 0\s0 0\s2\s0\s5 0\s2\s0\s5 0\s2\s0\s5 0\s0.5\s5 0\s2\s0\s5
410 480 224 544 224 1 REG1 0\s0 0\s2\s0\s5 0\s2\s0\s5 0\s2\s0\s5 0\s0.5\s5 0\s2\s0\s5
410 480 80 544 80 1 REG1 0\s0 0\s2\s0\s5 0\s2\s0\s5 0\s2\s0\s5 0\s0.5\s5 0\s2\s0\s5
b 64 -448 786 550 0
. WB 0 2 7 13 A0 5 0 3 A1 16 1 3 A2 27 2 3 B0 56 3 3 B1 54 4 3 B2 52 5 3 CLK 1 0 1 CLR- 2 1 1 N 44 0 2 R0 3 2 2 R1 14 3 2 R2 25 4 2 WE 42 1 2 CustomCompositeElm\s1\s2\s3\s4\s5\rCustomCompositeElm\s1\s2\s14\s15\s16\rCustomCompositeElm\s1\s2\s25\s26\s27\rNandGateElm\s42\s43\s4\rInverterElm\s44\s43\rNandGateElm\s42\s43\s26\rNandGateElm\s42\s43\s15\rNandGateElm\s42\s44\s50\rNandGateElm\s42\s44\s49\rNandGateElm\s42\s44\s51\rCustomCompositeElm\s1\s2\s25\s49\s52\rCustomCompositeElm\s1\s2\s14\s50\s54\rCustomCompositeElm\s1\s2\s3\s51\s56 1\\sREG1\\s0\\\\s0\\s0\\\\s2\\\\s0\\\\s5\\s0\\\\s2\\\\s0\\\\s5\\s0\\\\s2\\\\s0\\\\s5\\s0\\\\s0.5\\\\s5\\s0\\\\s2\\\\s0\\\\s5\s1\\sREG1\\s0\\\\s0\\s0\\\\s2\\\\s0\\\\s5\\s0\\\\s2\\\\s0\\\\s5\\s0\\\\s2\\\\s0\\\\s5\\s0\\\\s0.5\\\\s5\\s0\\\\s2\\\\s0\\\\s5\s1\\sREG1\\s0\\\\s0\\s0\\\\s2\\\\s0\\\\s5\\s0\\\\s2\\\\s0\\\\s5\\s0\\\\s2\\\\s0\\\\s5\\s0\\\\s0.5\\\\s5\\s0\\\\s2\\\\s0\\\\s5\s0\\s2\\s0\\s5\s0\\s0.5\\s5\s0\\s2\\s0\\s5\s0\\s2\\s0\\s5\s0\\s2\\s0\\s5\s0\\s2\\s0\\s5\s0\\s2\\s0\\s5\s1\\sREG1\\s0\\\\s0\\s0\\\\s2\\\\s0\\\\s5\\s0\\\\s2\\\\s0\\\\s5\\s0\\\\s2\\\\s0\\\\s5\\s0\\\\s0.5\\\\s5\\s0\\\\s2\\\\s0\\\\s5\s1\\sREG1\\s0\\\\s0\\s0\\\\s2\\\\s0\\\\s5\\s0\\\\s2\\\\s0\\\\s5\\s0\\\\s2\\\\s0\\\\s5\\s0\\\\s0.5\\\\s5\\s0\\\\s2\\\\s0\\\\s5\s1\\sREG1\\s0\\\\s0\\s0\\\\s2\\\\s0\\\\s5\\s0\\\\s2\\\\s0\\\\s5\\s0\\\\s2\\\\s0\\\\s5\\s0\\\\s0.5\\\\s5\\s0\\\\s2\\\\s0\\\\s5
410 368 -752 416 -656 1 WB 1\sREG1\s0\\s0\s0\\s2\\s0\\s5\s0\\s2\\s0\\s5\s0\\s2\\s0\\s5\s0\\s0.5\\s5\s0\\s2\\s0\\s5 1\sREG1\s0\\s0\s0\\s2\\s0\\s5\s0\\s2\\s0\\s5\s0\\s2\\s0\\s5\s0\\s0.5\\s5\s0\\s2\\s0\\s5 1\sREG1\s0\\s0\s0\\s2\\s0\\s5\s0\\s2\\s0\\s5\s0\\s2\\s0\\s5\s0\\s0.5\\s5\s0\\s2\\s0\\s5 0\s2\s0\s5 0\s0.5\s5 0\s2\s0\s5 0\s2\s0\s5 0\s2\s0\s5 0\s2\s0\s5 0\s2\s0\s5 1\sREG1\s0\\s0\s0\\s2\\s0\\s5\s0\\s2\\s0\\s5\s0\\s2\\s0\\s5\s0\\s0.5\\s5\s0\\s2\\s0\\s5 1\sREG1\s0\\s0\s0\\s2\\s0\\s5\s0\\s2\\s0\\s5\s0\\s2\\s0\\s5\s0\\s0.5\\s5\s0\\s2\\s0\\s5 1\sREG1\s0\\s0\s0\\s2\\s0\\s5\s0\\s2\\s0\\s5\s0\\s2\\s0\\s5\s0\\s0.5\\s5\s0\\s2\\s0\\s5
