$ 1 0.000005 10.20027730826997 50 5 50 5e-11
w 752 800 800 800 0
w 800 800 800 736 0
w 800 736 624 736 0
w 624 736 624 688 0
w 624 688 656 688 0
w 624 512 656 512 0
w 624 560 624 512 0
w 800 560 624 560 0
w 624 336 656 336 0
w 624 384 624 336 0
w 800 384 624 384 0
w 800 624 800 560 0
w 752 624 800 624 0
w 752 448 800 448 0
w 800 448 800 384 0
207 656 272 544 272 4 A4
207 656 304 544 304 4 B4
207 656 448 544 448 4 A3
207 656 480 544 480 4 B3
207 656 624 544 624 4 A2
207 656 656 544 656 4 B2
207 656 800 544 800 4 A1
207 656 832 544 832 4 B1
207 752 832 864 832 4 S1
207 752 656 864 656 4 S2
207 752 480 864 480 4 S3
207 752 304 864 304 4 S4
207 752 272 864 272 4 CO
. HA 0 2 2 4 A 2 0 2 B 1 1 2 CO 3 0 3 S 4 1 3 AndGateElm\s1\s2\s3\rXorGateElm\s1\s2\s4 0\\s2\\s0\\s5\s0\\s2\\s0\\s5
410 656 800 672 784 1 HA 0\s2\s0\s5 0\s2\s0\s5
. FA 0 2 3 5 A 1 0 2 B 2 1 2 C 5 2 2 CO 8 0 3 S 7 1 3 CustomCompositeElm\s1\s2\s3\s4\rCustomCompositeElm\s4\s5\s6\s7\rOrGateElm\s6\s3\s8 1\\sHA\\s0\\\\s2\\\\s0\\\\s5\\s0\\\\s2\\\\s0\\\\s5\s1\\sHA\\s0\\\\s2\\\\s0\\\\s5\\s0\\\\s2\\\\s0\\\\s5\s0\\s2\\s0\\s5
410 656 272 704 304 1 FA 1\sHA\s0\\s2\\s0\\s5\s0\\s2\\s0\\s5 1\sHA\s0\\s2\\s0\\s5\s0\\s2\\s0\\s5 0\s2\s0\s5
410 656 448 704 480 1 FA 1\sHA\s0\\s2\\s0\\s5\s0\\s2\\s0\\s5 1\sHA\s0\\s2\\s0\\s5\s0\\s2\\s0\\s5 0\s2\s0\s5
410 656 624 704 656 1 FA 1\sHA\s0\\s2\\s0\\s5\s0\\s2\\s0\\s5 1\sHA\s0\\s2\\s0\\s5\s0\\s2\\s0\\s5 0\s2\s0\s5
b 368 192 1057 919 0
x 680 -168 726 -165 4 24 ALU
. ALU 0 2 8 13 A1 16 0 2 A2 12 1 2 A3 8 2 2 A4 4 3 2 B1 18 4 2 B2 14 5 2 B3 10 6 2 B4 6 7 2 CO 28 7 3 S1 20 0 3 S2 22 1 3 S3 24 2 3 S4 26 3 3 CustomCompositeElm\s16\s18\s1\s20\rCustomCompositeElm\s4\s6\s3\s28\s26\rCustomCompositeElm\s8\s10\s2\s3\s24\rCustomCompositeElm\s12\s14\s1\s2\s22 1\\sHA\\s0\\\\s2\\\\s0\\\\s5\\s0\\\\s2\\\\s0\\\\s5\s1\\sFA\\s1\\\\sHA\\\\s0\\\\\\\\s2\\\\\\\\s0\\\\\\\\s5\\\\s0\\\\\\\\s2\\\\\\\\s0\\\\\\\\s5\\s1\\\\sHA\\\\s0\\\\\\\\s2\\\\\\\\s0\\\\\\\\s5\\\\s0\\\\\\\\s2\\\\\\\\s0\\\\\\\\s5\\s0\\\\s2\\\\s0\\\\s5\s1\\sFA\\s1\\\\sHA\\\\s0\\\\\\\\s2\\\\\\\\s0\\\\\\\\s5\\\\s0\\\\\\\\s2\\\\\\\\s0\\\\\\\\s5\\s1\\\\sHA\\\\s0\\\\\\\\s2\\\\\\\\s0\\\\\\\\s5\\\\s0\\\\\\\\s2\\\\\\\\s0\\\\\\\\s5\\s0\\\\s2\\\\s0\\\\s5\s1\\sFA\\s1\\\\sHA\\\\s0\\\\\\\\s2\\\\\\\\s0\\\\\\\\s5\\\\s0\\\\\\\\s2\\\\\\\\s0\\\\\\\\s5\\s1\\\\sHA\\\\s0\\\\\\\\s2\\\\\\\\s0\\\\\\\\s5\\\\s0\\\\\\\\s2\\\\\\\\s0\\\\\\\\s5\\s0\\\\s2\\\\s0\\\\s5
410 656 -112 688 -64 1 ALU 1\sHA\s0\\s2\\s0\\s5\s0\\s2\\s0\\s5 1\sFA\s1\\sHA\\s0\\\\s2\\\\s0\\\\s5\\s0\\\\s2\\\\s0\\\\s5\s1\\sHA\\s0\\\\s2\\\\s0\\\\s5\\s0\\\\s2\\\\s0\\\\s5\s0\\s2\\s0\\s5 1\sFA\s1\\sHA\\s0\\\\s2\\\\s0\\\\s5\\s0\\\\s2\\\\s0\\\\s5\s1\\sHA\\s0\\\\s2\\\\s0\\\\s5\\s0\\\\s2\\\\s0\\\\s5\s0\\s2\\s0\\s5 1\sFA\s1\\sHA\\s0\\\\s2\\\\s0\\\\s5\\s0\\\\s2\\\\s0\\\\s5\s1\\sHA\\s0\\\\s2\\\\s0\\\\s5\\s0\\\\s2\\\\s0\\\\s5\s0\\s2\\s0\\s5
