$ 1 0.001 382.76258214399064 50 5 50 5e-11
r 448 448 448 624 0 265000
183 448 624 608 624 0 0.5 1.66 3.33 5 0
183 240 624 448 624 0 0.5 1.66 3.33 5 0
r 160 624 240 624 0 100000
w 160 448 160 624 0
w 160 448 448 448 0
w 608 624 608 448 0
c 448 448 608 448 0 0.00001 0 0.001
r 608 624 800 624 0 100
r -64 176 144 176 0 10000
c 144 176 144 272 0 0.00001 4.999999999999914 0.001
g 144 272 144 336 0 0
183 272 176 544 176 0 0.5 1.66 3.33 5 0
r 544 176 800 176 0 100
S 912 384 800 384 0 0 false 0 2
w 800 176 800 368 0
w 800 624 800 400 0
r -64 176 -64 64 0 1000
R -64 64 -64 -48 0 0 40 5 0 0 0.5
g -64 272 -64 336 0 0
r 144 176 272 176 0 100000
g 16 448 16 512 0 0
s 16 448 160 448 0 0 false
s -64 272 -64 176 0 1 false
x 699 365 777 368 4 24 Manual
x 701 417 778 420 4 24 Normal
