$ 1 1 1.5642631884188172 50 5 50 5e-11
. REG1 0 2 4 5 CLK 4 3 2 CLR- 15 0 2 D 7 2 2 LD- 5 1 2 Q 2 0 3 DFlipFlopElm\s1\s2\s3\s4\rAndGateElm\s5\s2\s9\rAndGateElm\s7\s10\s11\rOrGateElm\s11\s9\s12\rInverterElm\s5\s10\rAndGateElm\s15\s12\s1 0\\s0\s0\\s2\\s0\\s5\s0\\s2\\s0\\s5\s0\\s2\\s0\\s5\s0\\s0.5\\s5\s0\\s2\\s0\\s5
. REG4 0 2 7 11 A 3 2 2 B 12 3 2 C 20 4 2 CLK 1 6 2 CLR- 2 0 2 D 28 5 2 LD- 4 1 2 QA 5 2 3 QB 13 3 3 QC 21 4 3 QD 29 5 3 CustomCompositeElm\s1\s2\s3\s4\s5\rCustomCompositeElm\s1\s2\s12\s4\s13\rCustomCompositeElm\s1\s2\s20\s4\s21\rCustomCompositeElm\s1\s2\s28\s4\s29 1\\sREG1\\s0\\\\s0\\s0\\\\s2\\\\s0\\\\s5\\s0\\\\s2\\\\s0\\\\s5\\s0\\\\s2\\\\s0\\\\s5\\s0\\\\s0.5\\\\s5\\s0\\\\s2\\\\s0\\\\s5\s1\\sREG1\\s0\\\\s0\\s0\\\\s2\\\\s0\\\\s5\\s0\\\\s2\\\\s0\\\\s5\\s0\\\\s2\\\\s0\\\\s5\\s0\\\\s0.5\\\\s5\\s0\\\\s2\\\\s0\\\\s5\s1\\sREG1\\s0\\\\s0\\s0\\\\s2\\\\s0\\\\s5\\s0\\\\s2\\\\s0\\\\s5\\s0\\\\s2\\\\s0\\\\s5\\s0\\\\s0.5\\\\s5\\s0\\\\s2\\\\s0\\\\s5\s1\\sREG1\\s0\\\\s0\\s0\\\\s2\\\\s0\\\\s5\\s0\\\\s2\\\\s0\\\\s5\\s0\\\\s2\\\\s0\\\\s5\\s0\\\\s0.5\\\\s5\\s0\\\\s2\\\\s0\\\\s5
410 592 -256 608 -240 1 REG4 1\sREG1\s0\\s0\s0\\s2\\s0\\s5\s0\\s2\\s0\\s5\s0\\s2\\s0\\s5\s0\\s0.5\\s5\s0\\s2\\s0\\s5 1\sREG1\s0\\s0\s0\\s2\\s0\\s5\s0\\s2\\s0\\s5\s0\\s2\\s0\\s5\s0\\s0.5\\s5\s0\\s2\\s0\\s5 1\sREG1\s0\\s0\s0\\s2\\s0\\s5\s0\\s2\\s0\\s5\s0\\s2\\s0\\s5\s0\\s0.5\\s5\s0\\s2\\s0\\s5 1\sREG1\s0\\s0\s0\\s2\\s0\\s5\s0\\s2\\s0\\s5\s0\\s2\\s0\\s5\s0\\s0.5\\s5\s0\\s2\\s0\\s5
410 592 432 608 448 1 REG4 1\sREG1\s0\\s0\s0\\s2\\s0\\s5\s0\\s2\\s0\\s5\s0\\s2\\s0\\s5\s0\\s0.5\\s5\s0\\s2\\s0\\s5 1\sREG1\s0\\s0\s0\\s2\\s0\\s5\s0\\s2\\s0\\s5\s0\\s2\\s0\\s5\s0\\s0.5\\s5\s0\\s2\\s0\\s5 1\sREG1\s0\\s0\s0\\s2\\s0\\s5\s0\\s2\\s0\\s5\s0\\s2\\s0\\s5\s0\\s0.5\\s5\s0\\s2\\s0\\s5 1\sREG1\s0\\s0\s0\\s2\\s0\\s5\s0\\s2\\s0\\s5\s0\\s2\\s0\\s5\s0\\s0.5\\s5\s0\\s2\\s0\\s5
410 592 80 608 96 1 REG4 1\sREG1\s0\\s0\s0\\s2\\s0\\s5\s0\\s2\\s0\\s5\s0\\s2\\s0\\s5\s0\\s0.5\\s5\s0\\s2\\s0\\s5 1\sREG1\s0\\s0\s0\\s2\\s0\\s5\s0\\s2\\s0\\s5\s0\\s2\\s0\\s5\s0\\s0.5\\s5\s0\\s2\\s0\\s5 1\sREG1\s0\\s0\s0\\s2\\s0\\s5\s0\\s2\\s0\\s5\s0\\s2\\s0\\s5\s0\\s0.5\\s5\s0\\s2\\s0\\s5 1\sREG1\s0\\s0\s0\\s2\\s0\\s5\s0\\s2\\s0\\s5\s0\\s2\\s0\\s5\s0\\s0.5\\s5\s0\\s2\\s0\\s5
x 621 722 654 725 4 24 PC
x 589 396 687 399 4 24 OUTPUT
x 603 45 671 48 4 24 REGB
x 606 -292 674 -289 4 24 REGA
x 1283 -230 1336 -227 4 24 MUX
. HA 0 2 2 4 A 2 0 2 B 1 1 2 CO 3 0 3 S 4 1 3 AndGateElm\s1\s2\s3\rXorGateElm\s1\s2\s4 0\\s2\\s0\\s5\s0\\s2\\s0\\s5
. FA 0 2 3 5 A 1 0 2 B 2 1 2 C 5 2 2 CO 8 0 3 S 7 1 3 CustomCompositeElm\s1\s2\s3\s4\rCustomCompositeElm\s4\s5\s6\s7\rOrGateElm\s6\s3\s8 1\\sHA\\s0\\\\s2\\\\s0\\\\s5\\s0\\\\s2\\\\s0\\\\s5\s1\\sHA\\s0\\\\s2\\\\s0\\\\s5\\s0\\\\s2\\\\s0\\\\s5\s0\\s2\\s0\\s5
. ALU 0 2 8 13 A1 16 0 2 A2 12 1 2 A3 8 2 2 A4 4 3 2 B1 18 4 2 B2 14 5 2 B3 10 6 2 B4 6 7 2 CO 28 7 3 S1 20 0 3 S2 22 1 3 S3 24 2 3 S4 26 3 3 CustomCompositeElm\s16\s18\s1\s20\rCustomCompositeElm\s4\s6\s3\s28\s26\rCustomCompositeElm\s8\s10\s2\s3\s24\rCustomCompositeElm\s12\s14\s1\s2\s22 1\\sHA\\s0\\\\s2\\\\s0\\\\s5\\s0\\\\s2\\\\s0\\\\s5\s1\\sFA\\s1\\\\sHA\\\\s0\\\\\\\\s2\\\\\\\\s0\\\\\\\\s5\\\\s0\\\\\\\\s2\\\\\\\\s0\\\\\\\\s5\\s1\\\\sHA\\\\s0\\\\\\\\s2\\\\\\\\s0\\\\\\\\s5\\\\s0\\\\\\\\s2\\\\\\\\s0\\\\\\\\s5\\s0\\\\s2\\\\s0\\\\s5\s1\\sFA\\s1\\\\sHA\\\\s0\\\\\\\\s2\\\\\\\\s0\\\\\\\\s5\\\\s0\\\\\\\\s2\\\\\\\\s0\\\\\\\\s5\\s1\\\\sHA\\\\s0\\\\\\\\s2\\\\\\\\s0\\\\\\\\s5\\\\s0\\\\\\\\s2\\\\\\\\s0\\\\\\\\s5\\s0\\\\s2\\\\s0\\\\s5\s1\\sFA\\s1\\\\sHA\\\\s0\\\\\\\\s2\\\\\\\\s0\\\\\\\\s5\\\\s0\\\\\\\\s2\\\\\\\\s0\\\\\\\\s5\\s1\\\\sHA\\\\s0\\\\\\\\s2\\\\\\\\s0\\\\\\\\s5\\\\s0\\\\\\\\s2\\\\\\\\s0\\\\\\\\s5\\s0\\\\s2\\\\s0\\\\s5
410 1936 -192 1984 -176 1 ALU 1\sHA\s0\\s2\\s0\\s5\s0\\s2\\s0\\s5 1\sFA\s1\\sHA\\s0\\\\s2\\\\s0\\\\s5\\s0\\\\s2\\\\s0\\\\s5\s1\\sHA\\s0\\\\s2\\\\s0\\\\s5\\s0\\\\s2\\\\s0\\\\s5\s0\\s2\\s0\\s5 1\sFA\s1\\sHA\\s0\\\\s2\\\\s0\\\\s5\\s0\\\\s2\\\\s0\\\\s5\s1\\sHA\\s0\\\\s2\\\\s0\\\\s5\\s0\\\\s2\\\\s0\\\\s5\s0\\s2\\s0\\s5 1\sFA\s1\\sHA\\s0\\\\s2\\\\s0\\\\s5\\s0\\\\s2\\\\s0\\\\s5\s1\\sHA\\s0\\\\s2\\\\s0\\\\s5\\s0\\\\s2\\\\s0\\\\s5\s0\\s2\\s0\\s5
. SUBMUX 0 2 9 13 A1 32 0 2 A2 22 1 2 A3 12 2 2 A4 5 3 2 B1 35 4 2 B2 25 5 2 B3 15 6 2 B4 7 7 2 C 6 0 1 Y1 41 0 3 Y2 31 1 3 Y3 21 2 3 Y4 3 3 3 OrGateElm\s1\s2\s3\rAndGateElm\s4\s5\s2\rAndGateElm\s6\s7\s1\rInverterElm\s6\s4\rAndGateElm\s6\s15\s18\rAndGateElm\s20\s12\s19\rOrGateElm\s18\s19\s21\rAndGateElm\s6\s25\s28\rAndGateElm\s30\s22\s29\rOrGateElm\s28\s29\s31\rAndGateElm\s6\s35\s38\rAndGateElm\s40\s32\s39\rOrGateElm\s38\s39\s41\rInverterElm\s6\s20\rInverterElm\s6\s30\rInverterElm\s6\s40 0\\s2\\s0\\s5\s0\\s2\\s0\\s5\s0\\s2\\s0\\s5\s0\\s0.5\\s5\s0\\s2\\s0\\s5\s0\\s2\\s0\\s5\s0\\s2\\s0\\s5\s0\\s2\\s0\\s5\s0\\s2\\s0\\s5\s0\\s2\\s0\\s5\s0\\s2\\s0\\s5\s0\\s2\\s0\\s5\s0\\s2\\s0\\s5\s0\\s0.5\\s5\s0\\s0.5\\s5\s0\\s0.5\\s5
. MUX 0 2 17 22 A1 5 0 2 A2 7 1 2 A3 3 2 2 A4 1 3 2 B1 13 4 2 B2 15 5 2 B3 11 6 2 B4 9 7 2 C1 21 8 2 C2 23 9 2 C3 17 10 2 C4 19 11 2 D1 29 12 2 D2 31 13 2 D3 27 14 2 D4 25 15 2 X1 33 0 1 X2 36 1 1 Y1 52 0 3 Y2 50 1 3 Y3 48 2 3 Y4 46 3 3 CustomCompositeElm\s21\s23\s17\s19\s29\s31\s27\s25\s33\s42\s43\s44\s45\rCustomCompositeElm\s5\s7\s3\s1\s13\s15\s11\s9\s33\s38\s39\s40\s41\rCustomCompositeElm\s38\s39\s40\s41\s42\s43\s44\s45\s36\s52\s50\s48\s46 1\\sSUBMUX\\s0\\\\s2\\\\s0\\\\s5\\s0\\\\s2\\\\s0\\\\s5\\s0\\\\s2\\\\s0\\\\s5\\s0\\\\s0.5\\\\s5\\s0\\\\s2\\\\s0\\\\s5\\s0\\\\s2\\\\s0\\\\s5\\s0\\\\s2\\\\s0\\\\s5\\s0\\\\s2\\\\s0\\\\s5\\s0\\\\s2\\\\s0\\\\s5\\s0\\\\s2\\\\s0\\\\s5\\s0\\\\s2\\\\s0\\\\s5\\s0\\\\s2\\\\s0\\\\s5\\s0\\\\s2\\\\s0\\\\s5\\s0\\\\s0.5\\\\s5\\s0\\\\s0.5\\\\s5\\s0\\\\s0.5\\\\s5\s1\\sSUBMUX\\s0\\\\s2\\\\s0\\\\s5\\s0\\\\s2\\\\s0\\\\s5\\s0\\\\s2\\\\s0\\\\s5\\s0\\\\s0.5\\\\s5\\s0\\\\s2\\\\s0\\\\s5\\s0\\\\s2\\\\s0\\\\s5\\s0\\\\s2\\\\s0\\\\s5\\s0\\\\s2\\\\s0\\\\s5\\s0\\\\s2\\\\s0\\\\s5\\s0\\\\s2\\\\s0\\\\s5\\s0\\\\s2\\\\s0\\\\s5\\s0\\\\s2\\\\s0\\\\s5\\s0\\\\s2\\\\s0\\\\s5\\s0\\\\s0.5\\\\s5\\s0\\\\s0.5\\\\s5\\s0\\\\s0.5\\\\s5\s1\\sSUBMUX\\s0\\\\s2\\\\s0\\\\s5\\s0\\\\s2\\\\s0\\\\s5\\s0\\\\s2\\\\s0\\\\s5\\s0\\\\s0.5\\\\s5\\s0\\\\s2\\\\s0\\\\s5\\s0\\\\s2\\\\s0\\\\s5\\s0\\\\s2\\\\s0\\\\s5\\s0\\\\s2\\\\s0\\\\s5\\s0\\\\s2\\\\s0\\\\s5\\s0\\\\s2\\\\s0\\\\s5\\s0\\\\s2\\\\s0\\\\s5\\s0\\\\s2\\\\s0\\\\s5\\s0\\\\s2\\\\s0\\\\s5\\s0\\\\s0.5\\\\s5\\s0\\\\s0.5\\\\s5\\s0\\\\s0.5\\\\s5
410 1264 -192 1296 -176 1 MUX 1\sSUBMUX\s0\\s2\\s0\\s5\s0\\s2\\s0\\s5\s0\\s2\\s0\\s5\s0\\s0.5\\s5\s0\\s2\\s0\\s5\s0\\s2\\s0\\s5\s0\\s2\\s0\\s5\s0\\s2\\s0\\s5\s0\\s2\\s0\\s5\s0\\s2\\s0\\s5\s0\\s2\\s0\\s5\s0\\s2\\s0\\s5\s0\\s2\\s0\\s5\s0\\s0.5\\s5\s0\\s0.5\\s5\s0\\s0.5\\s5 1\sSUBMUX\s0\\s2\\s0\\s5\s0\\s2\\s0\\s5\s0\\s2\\s0\\s5\s0\\s0.5\\s5\s0\\s2\\s0\\s5\s0\\s2\\s0\\s5\s0\\s2\\s0\\s5\s0\\s2\\s0\\s5\s0\\s2\\s0\\s5\s0\\s2\\s0\\s5\s0\\s2\\s0\\s5\s0\\s2\\s0\\s5\s0\\s2\\s0\\s5\s0\\s0.5\\s5\s0\\s0.5\\s5\s0\\s0.5\\s5 1\sSUBMUX\s0\\s2\\s0\\s5\s0\\s2\\s0\\s5\s0\\s2\\s0\\s5\s0\\s0.5\\s5\s0\\s2\\s0\\s5\s0\\s2\\s0\\s5\s0\\s2\\s0\\s5\s0\\s2\\s0\\s5\s0\\s2\\s0\\s5\s0\\s2\\s0\\s5\s0\\s2\\s0\\s5\s0\\s2\\s0\\s5\s0\\s2\\s0\\s5\s0\\s0.5\\s5\s0\\s0.5\\s5\s0\\s0.5\\s5
x 1959 -231 2005 -228 4 24 ALU
x 1298 653 1353 656 4 24 ROM
w 1360 -192 1936 -192 0
w 1360 -160 1936 -160 0
w 1360 -96 1936 -96 0
w 1360 -128 1936 -128 0
w 688 -192 1264 -192 0
w 688 -160 1264 -160 0
w 688 -128 1264 -128 0
w 688 -96 1264 -96 0
w 736 32 1264 32 0
w 720 0 1264 0 0
w 704 -32 1264 -32 0
w 688 -64 1264 -64 0
w 688 144 688 -64 0
w 688 176 704 176 0
w 704 176 704 -32 0
w 688 208 720 208 0
w 688 240 736 240 0
w 720 208 720 0 0
w 736 240 736 32 0
g 1264 64 1200 64 0 0
g 1264 96 1200 96 0 0
g 1264 160 1200 160 0 0
g 1264 128 1200 128 0 0
w 2032 816 2032 384 0
w 1296 352 1296 384 0
w 1296 384 2032 384 0
w 1328 352 2064 352 0
w 2064 352 2064 848 0
w 2032 848 2064 848 0
w 592 784 416 784 0
w 416 1328 2160 1328 0
w 2160 1328 2160 976 0
I 2032 944 2160 944 0 0.5 5
I 2032 912 2160 912 0 0.5 5
I 2032 880 2160 880 0 0.5 5
I 2032 976 2160 976 0 0.5 5
w 2208 944 2208 1376 0
w 368 1376 368 464 0
w 368 464 592 464 0
w 2160 912 2256 912 0
w 2256 912 2256 1424 0
w 320 1424 320 112 0
w 320 112 592 112 0
w 592 -224 272 -224 0
w 272 -224 272 1472 0
w 2304 1472 2304 880 0
w 2160 880 2304 880 0
x 1961 778 1995 781 4 24 DC
w 2032 -192 2032 -432 0
w 224 -192 592 -192 0
w 224 144 592 144 0
w 224 496 592 496 0
w 224 816 592 816 0
w 224 816 224 496 0
w 224 496 224 144 0
w 224 144 224 -192 0
w 2032 -432 224 -432 0
w 224 -432 224 -192 0
w 592 -160 160 -160 0
w 592 528 160 528 0
w 592 176 160 176 0
w 592 848 160 848 0
w 160 848 160 528 0
w 160 528 160 176 0
w 160 176 160 -160 0
w 160 -160 160 -496 0
w 160 -496 2096 -496 0
w 2096 -496 2096 -160 0
w 2032 -160 2096 -160 0
w 592 208 80 208 0
w 80 -576 2176 -576 0
w 2176 -576 2176 -128 0
w 2032 -128 2176 -128 0
w 592 -128 80 -128 0
w 80 -576 80 -128 0
w 80 -128 80 208 0
w 592 560 80 560 0
w 592 880 80 880 0
w 80 880 80 560 0
w 80 560 80 208 0
w 592 -96 16 -96 0
w 592 240 16 240 0
w 592 912 16 912 0
w 592 592 16 592 0
w 16 912 16 592 0
w 16 592 16 240 0
w 16 240 16 -96 0
w 16 -96 16 -640 0
w 16 -640 2256 -640 0
w 2256 -640 2256 -96 0
w 2032 -96 2256 -96 0
w 592 -256 464 -256 0
w 592 752 464 752 0
w 592 432 464 432 0
w 592 80 464 80 0
w 464 752 464 432 0
w 464 432 464 80 0
w 464 80 464 -256 0
w 592 -64 -144 -64 0
w -144 -64 -144 272 0
w -144 272 -144 624 0
w -144 624 -144 944 0
r 688 496 784 496 0 1000
162 784 496 864 496 2 default-led 1 0 0 0.01
g 864 496 912 496 0 0
g 864 528 912 528 0 0
162 784 528 864 528 2 default-led 1 0 0 0.01
r 688 528 784 528 0 1000
r 688 592 784 592 0 1000
162 784 592 864 592 2 default-led 1 0 0 0.01
g 864 592 912 592 0 0
g 864 560 912 560 0 0
162 784 560 864 560 2 default-led 1 0 0 0.01
r 688 560 784 560 0 1000
. SW2 0 2 4 6 00 3 0 3 01 5 1 3 10 8 2 3 11 7 3 3 A 4 0 2 B 6 1 2 AndGateElm\s1\s2\s3\rAndGateElm\s1\s4\s5\rAndGateElm\s6\s4\s7\rAndGateElm\s6\s2\s8\rInverterElm\s4\s2\rInverterElm\s6\s1 0\\s2\\s5\\s5\s0\\s2\\s0\\s5\s0\\s2\\s0\\s5\s0\\s2\\s0\\s5\s0\\s0.5\\s5\s0\\s0.5\\s5
. DC 0 2 6 11 A 3 2 3 B 6 3 3 CO 24 5 2 OP1 13 0 2 OP2 15 1 2 OP3 17 2 2 OP4 19 3 2 OUT 9 4 3 PC 12 5 3 X1 35 0 3 X2 37 1 3 AndGateElm\s1\s21\s3\rAndGateElm\s21\s5\s6\rAndGateElm\s7\s21\s9\rAndGateElm\s21\s11\s12\rInverterElm\s23\s21\rAndGateElm\s24\s19\s17\s15\s25\s23\rInverterElm\s13\s25\rInverterElm\s13\s39\rInverterElm\s39\s35\rInverterElm\s40\s37\rInverterElm\s15\s40\rCustomCompositeElm\s1\s5\s7\s11\s17\s19\rLogicInputElm\s43\rLogicInputElm\s44\rLogicInputElm\s45\rLogicInputElm\s46\rLogicInputElm\s47 0\\s2\\s5\\s5\s0\\s2\\s0\\s5\s0\\s2\\s0\\s5\s0\\s2\\s0\\s5\s0\\s0.5\\s5\s0\\s5\\s0\\s5\s0\\s0.5\\s5\s0\\s0.5\\s5\s0\\s0.5\\s5\s0\\s0.5\\s5\s0\\s0.5\\s5\s1\\sSW2\\s0\\\\s2\\\\s5\\\\s5\\s0\\\\s2\\\\s0\\\\s5\\s0\\\\s2\\\\s0\\\\s5\\s0\\\\s2\\\\s0\\\\s5\\s0\\\\s0.5\\\\s5\\s0\\\\s0.5\\\\s5\s0\\s0\\sfalse\\s5\\s0\s0\\s0\\sfalse\\s5\\s0\s0\\s0\\sfalse\\s5\\s0\s0\\s0\\sfalse\\s5\\s0\s0\\s1\\sfalse\\s5\\s0
410 1936 816 2016 912 1 DC 0\s2\s0\s5 0\s2\s0\s5 0\s2\s0\s5 0\s2\s0\s5 0\s0.5\s5 0\s5\s0\s5 0\s0.5\s5 0\s0.5\s5 0\s0.5\s5 0\s0.5\s5 0\s0.5\s5 1\sSW2\s0\\s2\\s0\\s5\s0\\s2\\s0\\s5\s0\\s2\\s0\\s5\s0\\s2\\s0\\s5\s0\\s0.5\\s5\s0\\s0.5\\s5 0\s0\sfalse\s5\s0 0\s0\sfalse\s5\s0 0\s0\sfalse\s5\s0 0\s0\sfalse\s5\s0 0\s1\sfalse\s5\s0
w 2160 944 2208 944 0
w 1376 816 1936 816 0
w 1376 848 1936 848 0
w 1376 880 1936 880 0
w 1376 912 1936 912 0
w 1376 688 1616 688 0
w 1936 32 1760 32 0
w 1760 32 1760 784 0
w 1376 784 1760 784 0
w 1376 752 1712 752 0
w 1376 720 1664 720 0
w 1712 752 1712 0 0
w 1664 720 1664 -32 0
w 1616 688 1616 -64 0
w 1616 -64 1936 -64 0
w 1664 -32 1936 -32 0
w 1712 0 1936 0 0
w 688 816 1280 816 0
w 688 848 1280 848 0
w 688 880 1280 880 0
w 688 912 1280 912 0
R 896 192 832 192 0 0 40 5 0 0 0.5
s 896 192 976 192 0 1 false
w 896 192 896 224 0
s 896 224 976 224 0 1 false
s 896 288 976 288 0 1 false
s 896 256 976 256 0 1 false
w 896 224 896 256 0
w 896 256 896 288 0
r 976 288 976 368 0 1000
r 1008 288 1008 368 0 1000
r 1072 288 1072 368 0 1000
r 1040 288 1040 368 0 1000
w 976 368 1008 368 0
w 1008 368 1040 368 0
w 1040 368 1072 368 0
g 1072 368 1072 400 0 0
w 976 288 1264 288 0
w 976 256 1008 256 0
w 1008 256 1264 256 0
w 1008 256 1008 288 0
w 976 224 1040 224 0
w 1040 224 1040 288 0
w 976 192 1072 192 0
w 1072 192 1072 288 0
w 1072 192 1264 192 0
w 1040 224 1264 224 0
x 948 153 1020 156 4 24 INPUT
s -1040 688 -896 688 0 0 false
g -1040 688 -1040 752 0 0
r -912 416 -784 416 0 100000
g -1120 512 -1120 576 0 0
R -1120 304 -1120 192 0 0 40 5 0 0 0.5
r -1120 416 -1120 304 0 1000
w -256 864 -256 640 0
w -256 416 -256 608 0
S -144 624 -256 624 0 0 false 0 2
r -512 416 -256 416 0 100
183 -784 416 -512 416 0 0.5 1.66 3.33 5 0
g -912 512 -912 576 0 0
c -912 416 -912 512 0 0.00001 0.001 0.001
r -1120 416 -912 416 0 10000
r -448 864 -256 864 0 100
c -608 688 -448 688 0 0.00001 0.001 0.001
w -448 864 -448 688 0
w -896 688 -608 688 0
w -896 688 -896 864 0
r -896 864 -816 864 0 100000
183 -816 864 -608 864 0 0.5 1.66 3.33 5 0
183 -608 864 -448 864 0 0.5 1.66 3.33 5 0
r -608 688 -608 864 0 500000
s -608 -176 -608 -256 0 1 false
183 -240 -256 -144 -256 0 0.5 1.66 3.33 5 0
183 -336 -256 -240 -256 0 0.5 1.66 3.33 5 0
r -464 -256 -336 -256 0 100000
g -464 -176 -464 -96 0 0
c -464 -256 -464 -176 0 0.00001 0.001 0.001
r -608 -256 -464 -256 0 100000
g -608 -176 -608 -96 0 0
r -608 -352 -608 -256 0 1000
R -608 -352 -608 -448 0 0 40 5 0 0 0.5
w -144 -256 464 -256 0
. PC 0 2 7 11 A 39 2 2 B 41 3 2 C 43 4 2 CLK 4 6 2 CLR- 5 0 2 D 45 5 2 LD- 37 1 2 QA 8 2 3 QB 9 3 3 QC 10 4 3 QD 11 5 3 CustomCompositeElm\s1\s2\s3\s4\s5\s6\s7\s8\s9\s10\s11\rCustomCompositeElm\s8\s9\s10\s11\s60\s61\s62\s63\s64\s49\s51\s53\s47\rCustomCompositeElm\s39\s41\s43\s45\s49\s51\s53\s47\s37\s1\s2\s3\s6\rRailElm\s60\rGroundElm\s61\rGroundElm\s62\rGroundElm\s63\rGroundElm\s7 1\\sREG4\\s1\\\\sREG1\\\\s0\\\\\\\\s0\\\\s0\\\\\\\\s2\\\\\\\\s0\\\\\\\\s5\\\\s0\\\\\\\\s2\\\\\\\\s0\\\\\\\\s5\\\\s0\\\\\\\\s2\\\\\\\\s0\\\\\\\\s5\\\\s0\\\\\\\\s0.5\\\\\\\\s5\\\\s0\\\\\\\\s2\\\\\\\\s0\\\\\\\\s5\\s1\\\\sREG1\\\\s0\\\\\\\\s0\\\\s0\\\\\\\\s2\\\\\\\\s0\\\\\\\\s5\\\\s0\\\\\\\\s2\\\\\\\\s0\\\\\\\\s5\\\\s0\\\\\\\\s2\\\\\\\\s0\\\\\\\\s5\\\\s0\\\\\\\\s0.5\\\\\\\\s5\\\\s0\\\\\\\\s2\\\\\\\\s0\\\\\\\\s5\\s1\\\\sREG1\\\\s0\\\\\\\\s0\\\\s0\\\\\\\\s2\\\\\\\\s0\\\\\\\\s5\\\\s0\\\\\\\\s2\\\\\\\\s0\\\\\\\\s5\\\\s0\\\\\\\\s2\\\\\\\\s0\\\\\\\\s5\\\\s0\\\\\\\\s0.5\\\\\\\\s5\\\\s0\\\\\\\\s2\\\\\\\\s0\\\\\\\\s5\\s1\\\\sREG1\\\\s0\\\\\\\\s0\\\\s0\\\\\\\\s2\\\\\\\\s0\\\\\\\\s5\\\\s0\\\\\\\\s2\\\\\\\\s0\\\\\\\\s5\\\\s0\\\\\\\\s2\\\\\\\\s0\\\\\\\\s5\\\\s0\\\\\\\\s0.5\\\\\\\\s5\\\\s0\\\\\\\\s2\\\\\\\\s0\\\\\\\\s5\s1\\sALU\\s1\\\\sHA\\\\s0\\\\\\\\s2\\\\\\\\s0\\\\\\\\s5\\\\s0\\\\\\\\s2\\\\\\\\s5\\\\\\\\s5\\s1\\\\sFA\\\\s1\\\\\\\\sHA\\\\\\\\s0\\\\\\\\\\\\\\\\s2\\\\\\\\\\\\\\\\s0\\\\\\\\\\\\\\\\s5\\\\\\\\s0\\\\\\\\\\\\\\\\s2\\\\\\\\\\\\\\\\s0\\\\\\\\\\\\\\\\s5\\\\s1\\\\\\\\sHA\\\\\\\\s0\\\\\\\\\\\\\\\\s2\\\\\\\\\\\\\\\\s0\\\\\\\\\\\\\\\\s5\\\\\\\\s0\\\\\\\\\\\\\\\\s2\\\\\\\\\\\\\\\\s0\\\\\\\\\\\\\\\\s5\\\\s0\\\\\\\\s2\\\\\\\\s0\\\\\\\\s5\\s1\\\\sFA\\\\s1\\\\\\\\sHA\\\\\\\\s0\\\\\\\\\\\\\\\\s2\\\\\\\\\\\\\\\\s0\\\\\\\\\\\\\\\\s5\\\\\\\\s0\\\\\\\\\\\\\\\\s2\\\\\\\\\\\\\\\\s0\\\\\\\\\\\\\\\\s5\\\\s1\\\\\\\\sHA\\\\\\\\s0\\\\\\\\\\\\\\\\s2\\\\\\\\\\\\\\\\s0\\\\\\\\\\\\\\\\s5\\\\\\\\s0\\\\\\\\\\\\\\\\s2\\\\\\\\\\\\\\\\s0\\\\\\\\\\\\\\\\s5\\\\s0\\\\\\\\s2\\\\\\\\s0\\\\\\\\s5\\s1\\\\sFA\\\\s1\\\\\\\\sHA\\\\\\\\s0\\\\\\\\\\\\\\\\s2\\\\\\\\\\\\\\\\s0\\\\\\\\\\\\\\\\s5\\\\\\\\s0\\\\\\\\\\\\\\\\s2\\\\\\\\\\\\\\\\s0\\\\\\\\\\\\\\\\s5\\\\s1\\\\\\\\sHA\\\\\\\\s0\\\\\\\\\\\\\\\\s2\\\\\\\\\\\\\\\\s0\\\\\\\\\\\\\\\\s5\\\\\\\\s0\\\\\\\\\\\\\\\\s2\\\\\\\\\\\\\\\\s0\\\\\\\\\\\\\\\\s5\\\\s0\\\\\\\\s2\\\\\\\\s0\\\\\\\\s5\s1\\sSUBMUX\\s0\\\\s2\\\\s0\\\\s5\\s0\\\\s2\\\\s0\\\\s5\\s0\\\\s2\\\\s0\\\\s5\\s0\\\\s0.5\\\\s5\\s0\\\\s2\\\\s0\\\\s5\\s0\\\\s2\\\\s0\\\\s5\\s0\\\\s2\\\\s0\\\\s5\\s0\\\\s2\\\\s0\\\\s5\\s0\\\\s2\\\\s0\\\\s5\\s0\\\\s2\\\\s0\\\\s5\\s0\\\\s2\\\\s0\\\\s5\\s0\\\\s2\\\\s0\\\\s5\\s0\\\\s2\\\\s0\\\\s5\\s0\\\\s0.5\\\\s5\\s0\\\\s0.5\\\\s5\\s0\\\\s0.5\\\\s5\s0\\s0\\s40\\s5\\s0\\s0\\s0.5\s0\\s0\s0\\s0\s0\\s0\s0\\s0
410 592 752 640 784 1 PC 1\sREG4\s1\\sREG1\\s0\\\\s0\\s0\\\\s2\\\\s0\\\\s5\\s0\\\\s2\\\\s0\\\\s5\\s0\\\\s2\\\\s0\\\\s5\\s0\\\\s0.5\\\\s5\\s0\\\\s2\\\\s0\\\\s5\s1\\sREG1\\s0\\\\s0\\s0\\\\s2\\\\s0\\\\s5\\s0\\\\s2\\\\s0\\\\s5\\s0\\\\s2\\\\s0\\\\s5\\s0\\\\s0.5\\\\s5\\s0\\\\s2\\\\s0\\\\s5\s1\\sREG1\\s0\\\\s0\\s0\\\\s2\\\\s0\\\\s5\\s0\\\\s2\\\\s0\\\\s5\\s0\\\\s2\\\\s0\\\\s5\\s0\\\\s0.5\\\\s5\\s0\\\\s2\\\\s0\\\\s5\s1\\sREG1\\s0\\\\s0\\s0\\\\s2\\\\s0\\\\s5\\s0\\\\s2\\\\s0\\\\s5\\s0\\\\s2\\\\s0\\\\s5\\s0\\\\s0.5\\\\s5\\s0\\\\s2\\\\s0\\\\s5 1\sALU\s1\\sHA\\s0\\\\s2\\\\s0\\\\s5\\s0\\\\s2\\\\s0\\\\s5\s1\\sFA\\s1\\\\sHA\\\\s0\\\\\\\\s2\\\\\\\\s0\\\\\\\\s5\\\\s0\\\\\\\\s2\\\\\\\\s0\\\\\\\\s5\\s1\\\\sHA\\\\s0\\\\\\\\s2\\\\\\\\s0\\\\\\\\s5\\\\s0\\\\\\\\s2\\\\\\\\s0\\\\\\\\s5\\s0\\\\s2\\\\s0\\\\s5\s1\\sFA\\s1\\\\sHA\\\\s0\\\\\\\\s2\\\\\\\\s0\\\\\\\\s5\\\\s0\\\\\\\\s2\\\\\\\\s0\\\\\\\\s5\\s1\\\\sHA\\\\s0\\\\\\\\s2\\\\\\\\s0\\\\\\\\s5\\\\s0\\\\\\\\s2\\\\\\\\s0\\\\\\\\s5\\s0\\\\s2\\\\s0\\\\s5\s1\\sFA\\s1\\\\sHA\\\\s0\\\\\\\\s2\\\\\\\\s0\\\\\\\\s5\\\\s0\\\\\\\\s2\\\\\\\\s0\\\\\\\\s5\\s1\\\\sHA\\\\s0\\\\\\\\s2\\\\\\\\s0\\\\\\\\s5\\\\s0\\\\\\\\s2\\\\\\\\s0\\\\\\\\s5\\s0\\\\s2\\\\s0\\\\s5 1\sSUBMUX\s0\\s2\\s0\\s5\s0\\s2\\s0\\s5\s0\\s2\\s0\\s5\s0\\s0.5\\s5\s0\\s2\\s0\\s5\s0\\s2\\s0\\s5\s0\\s2\\s0\\s5\s0\\s2\\s0\\s5\s0\\s2\\s0\\s5\s0\\s2\\s0\\s5\s0\\s2\\s0\\s5\s0\\s2\\s0\\s5\s0\\s2\\s0\\s5\s0\\s0.5\\s5\s0\\s0.5\\s5\s0\\s0.5\\s5 0\s0\s40\s5\s0\s0\s0.5 0\s0 0\s0 0\s0 0\s0
s -1120 512 -1120 416 0 1 false
410 592 1120 176 1168 1 REG1 0\s0 0\s2\s0\s5 0\s2\s0\s5 0\s2\s0\s5 0\s0.5\s5 0\s2\s0\s5
g 592 1152 560 1152 0 0
w 2032 32 2320 32 0
x 606 1079 675 1082 4 24 REGC
x -715 334 -633 337 4 24 CLOCK
x -465 -334 -385 -331 4 24 RESET
x -358 603 -280 606 4 24 Manual
x -360 653 -283 656 4 24 Normal
. ROM-LED 0 2 8 12 A 6 4 2 B 5 5 2 C 4 6 2 D 3 7 2 IM1 14 0 3 IM2 13 1 3 IM3 12 2 3 IM4 11 3 3 OP1 10 4 3 OP2 9 5 3 OP3 8 6 3 OP4 7 7 3 SRAMElm\s1\s2\s3\s4\s5\s6\s7\s8\s9\s10\s11\s12\s13\s14\rRailElm\s1\rGroundElm\s2 0\\s4\\s8\\s0\\s179\\s182\\s188\\s184\\s184\\s188\\s182\\s179\\s177\\s240\\s-1\\s-2\s0\\s0\\s40\\s5\\s0\\s0\\s0.5\s0\\s0
410 1280 688 1280 720 1 ROM-LED 0\s4\s8\s0\s179\s182\s188\s184\s184\s188\s182\s179\s177\s240\s-1\s-2 0\s0\s40\s5\s0\s0\s0.5 0\s0
w -144 944 -144 1216 0
w 2320 32 2320 -720 0
w 2320 -720 -64 -720 0
w -64 -720 -64 1184 0
w 592 1184 -64 1184 0
w 592 1120 464 1120 0
w 464 1120 464 752 0
w 416 784 416 1328 0
w 592 272 -144 272 0
w 592 944 -144 944 0
w 592 624 -144 624 0
w 592 1216 -144 1216 0
w 688 1120 1936 1120 0
w 1936 1120 1936 976 0
w 368 1376 2208 1376 0
w 272 1472 2304 1472 0
w 320 1424 2256 1424 0
