$ 1 0.000005 10.20027730826997 50 5 50 5e-11
207 1712 176 1776 176 4 Q-
207 1712 144 1776 144 4 Q
w 1168 192 1488 192 0
w 1168 160 1168 192 0
w 1168 96 1488 96 0
w 1168 128 1168 96 0
w 1440 320 1488 320 0
w 1440 128 1440 320 0
w 1488 128 1440 128 0
w 1488 320 1488 224 0
150 1488 112 1616 112 0 2 0 5
150 1488 208 1616 208 0 2 0 5
w 1616 112 1616 144 0
w 1616 176 1616 208 0
w 848 320 1440 320 0
w 800 176 848 176 0
w 800 80 800 176 0
I 848 176 944 176 0 0.5 5
w 848 208 848 112 0
w 800 80 944 80 0
w 1072 160 1072 192 0
w 1072 96 1072 128 0
150 944 192 1072 192 0 2 5 5
150 944 96 1072 96 0 2 0 5
207 848 320 704 320 4 CLK
207 800 80 704 80 4 D
. RS\sFlip-Flop 0 2 2 4 Q 3 0 3 Q- 1 1 3 R 4 1 2 S 2 0 2 NorGateElm\s1\s2\s3\rNorGateElm\s4\s3\s1 0\\s2\\s0\\s5\s0\\s2\\s0\\s5
410 1072 128 1072 160 1 RS\sFlip-Flop 0\s2\s5\s5 0\s2\s0\s5
410 1616 144 1584 144 1 RS\sFlip-Flop 0\s2\s5\s5 0\s2\s5\s5
I 848 320 848 208 0 0.5 5
w 848 112 944 112 0
w 848 208 944 208 0
b 640 -64 1878 431 0
. D\sFlip-Flop 0 2 2 4 Q- 1 1 3 CLK 7 1 2 D 10 0 2 Q 3 0 3 AndGateElm\s7\s6\s8\rAndGateElm\s7\s5\s9\rInverterElm\s10\s11\rAndGateElm\s12\s11\s13\rAndGateElm\s12\s10\s14\rCustomCompositeElm\s6\s5\s13\s14\rCustomCompositeElm\s3\s1\s9\s8\rInverterElm\s7\s12 0\\s2\\s0\\s5\s0\\s2\\s0\\s5\s0\\s0.5\\s5\s0\\s2\\s5\\s5\s0\\s2\\s0\\s5\s1\\sRS\\\\sFlip-Flop\\s0\\\\s2\\\\s5\\\\s5\\s0\\\\s2\\\\s0\\\\s5\s1\\sRS\\\\sFlip-Flop\\s0\\\\s2\\\\s0\\\\s5\\s0\\\\s2\\\\s5\\\\s5\s0\\s0.5\\s5
410 1200 -192 944 -208 1 D\sFlip-Flop 0\s2\s0\s5 0\s2\s0\s5 0\s0.5\s5 0\s2\s0\s5 0\s2\s0\s5 1\sRS\\sFlip-Flop\s0\\s2\\s0\\s5\s0\\s2\\s0\\s5 1\sRS\\sFlip-Flop\s0\\s2\\s0\\s5\s0\\s2\\s0\\s5 0\s0.5\s5
x 1190 -246 1307 -243 4 24 D\sFlip-Flop
