$ 1 0.000005 10.20027730826997 50 5 50 5e-11
. SW2 0 3 4 6 00 7 3 3 01 8 2 3 10 5 1 3 11 3 0 3 A 2 1 2 B 1 2 2 AndGateElm\s1\s2\s3\rAndGateElm\s4\s2\s5\rAndGateElm\s4\s6\s7\rAndGateElm\s1\s6\s8\rInverterElm\s2\s6\rInverterElm\s1\s4 0\\s2\\s0\\s5\s0\\s2\\s0\\s5\s0\\s2\\s5\\s5\s0\\s2\\s0\\s5\s0\\s0.5\\s5\s0\\s0.5\\s5
410 1152 400 1200 416 1 SW2 0\s2\s0\s5 0\s2\s0\s5 0\s2\s0\s5 0\s2\s0\s5 0\s0.5\s5 0\s0.5\s5
150 1408 352 1536 352 0 2 0 5
150 1408 416 1536 416 0 2 0 5
150 1408 480 1536 480 0 2 0 5
150 1408 544 1536 544 0 2 0 5
w 1280 432 1408 432 0
w 1280 464 1408 464 0
w 1280 496 1280 528 0
w 1280 528 1408 528 0
w 1280 400 1280 368 0
w 1280 368 1408 368 0
207 400 192 320 192 4 OP1
207 400 304 320 304 4 OP2
207 400 416 320 416 4 OP3
207 400 528 320 528 4 OP4
207 896 464 976 464 5 NO-
I 816 464 896 464 0 0.5 5
150 608 464 816 464 0 5 0 5
207 400 624 320 624 4 CO
w 608 192 608 432 0
w 400 304 560 304 0
w 560 304 560 448 0
w 560 448 608 448 0
w 400 416 512 416 0
w 512 416 512 464 0
w 512 464 608 464 0
w 512 528 512 480 0
w 512 480 608 480 0
w 400 624 608 624 0
w 608 624 608 496 0
w 400 528 512 528 0
I 400 192 608 192 0 0.5 5
207 1408 560 1344 560 5 NO-
207 1408 496 1344 496 5 NO-
207 1408 400 1344 400 5 NO-
207 1408 336 1344 336 5 NO-
207 1536 352 1632 352 4 PC
207 1536 416 1632 416 4 OUT
207 1536 480 1632 480 4 B
207 1536 544 1632 544 4 A
207 1152 432 1088 432 4 OP3
207 1152 464 1088 464 4 OP4
207 1200 176 1120 176 4 OP1
207 1200 240 1120 240 4 OP2
207 1264 176 1344 176 4 X1
207 1264 240 1344 240 4 X2
I 1200 176 1232 176 0 0.5 5
I 1232 176 1264 176 0 0.5 5
I 1232 240 1264 240 0 0.5 5
I 1200 240 1232 240 0 0.5 5
. DC 0 2 6 11 A 16 2 3 B 14 3 3 CO 28 5 2 OP1 17 0 2 OP2 19 1 2 OP3 21 2 2 OP4 23 3 2 OUT 12 5 3 PC 10 4 3 X1 37 0 3 X2 39 1 3 CustomCompositeElm\s1\s2\s3\s4\s21\s23\rAndGateElm\s4\s25\s10\rAndGateElm\s3\s25\s12\rAndGateElm\s25\s2\s14\rAndGateElm\s25\s1\s16\rInverterElm\s27\s25\rAndGateElm\s28\s23\s21\s19\s29\s27\rInverterElm\s17\s29\rInverterElm\s17\s41\rInverterElm\s41\s37\rInverterElm\s42\s39\rInverterElm\s19\s42 1\\sSW2\\s0\\\\s2\\\\s0\\\\s5\\s0\\\\s2\\\\s0\\\\s5\\s0\\\\s2\\\\s0\\\\s5\\s0\\\\s2\\\\s0\\\\s5\\s0\\\\s0.5\\\\s5\\s0\\\\s0.5\\\\s5\s0\\s2\\s0\\s5\s0\\s2\\s0\\s5\s0\\s2\\s0\\s5\s0\\s2\\s0\\s5\s0\\s0.5\\s5\s0\\s5\\s0\\s5\s0\\s0.5\\s5\s0\\s0.5\\s5\s0\\s0.5\\s5\s0\\s0.5\\s5\s0\\s0.5\\s5
410 944 -176 1936 448 1 DC 1\sSW2\s0\\s2\\s0\\s5\s0\\s2\\s0\\s5\s0\\s2\\s0\\s5\s0\\s2\\s0\\s5\s0\\s0.5\\s5\s0\\s0.5\\s5 0\s2\s0\s5 0\s2\s0\s5 0\s2\s0\s5 0\s2\s0\s5 0\s0.5\s5 0\s5\s0\s5 0\s0.5\s5 0\s0.5\s5 0\s0.5\s5 0\s0.5\s5 0\s0.5\s5
b 224 96 1761 732 0
x 948 -266 1038 -263 4 24 Decoder
