$ 1 0.000005 10.20027730826997 50 5 50 5e-11
. HA 0 2 2 4 A 2 0 2 B 1 1 2 CO 3 0 3 S 4 1 3 AndGateElm\s1\s2\s3\rXorGateElm\s1\s2\s4 0\\s2\\s0\\s5\s0\\s2\\s0\\s5
410 608 416 704 464 1 HA 0\s2\s0\s5 0\s2\s0\s5
410 784 560 864 624 1 HA 0\s2\s0\s5 0\s2\s0\s5
152 976 432 1088 432 0 2 0 5
w 704 416 976 416 0
w 608 592 784 592 0
w 704 448 784 448 0
w 784 448 784 560 0
w 880 560 976 560 0
w 976 560 976 448 0
w 880 592 1088 592 0
207 608 416 528 416 4 A
207 608 448 528 448 4 B
207 608 592 528 592 4 C
207 1088 432 1184 432 4 CO
207 1088 592 1184 592 4 S
b 464 336 1282 680 0
x 792 103 953 106 4 24 FA\s(Full\sAdder)
. FA 0 2 3 5 A 1 0 2 B 2 1 2 C 5 2 2 CO 8 0 3 S 7 1 3 CustomCompositeElm\s1\s2\s3\s4\rCustomCompositeElm\s4\s5\s6\s7\rOrGateElm\s6\s3\s8 1\\sHA\\s0\\\\s2\\\\s0\\\\s5\\s0\\\\s2\\\\s0\\\\s5\s1\\sHA\\s0\\\\s2\\\\s0\\\\s5\\s0\\\\s2\\\\s0\\\\s5\s0\\s2\\s0\\s5
410 816 160 960 224 1 FA 1\sHA\s0\\s2\\s0\\s5\s0\\s2\\s0\\s5 1\sHA\s0\\s2\\s0\\s5\s0\\s2\\s0\\s5 0\s2\s0\s5
