$ 1 0.000005 10.20027730826997 50 5 50 5e-11
150 832 448 976 448 0 2 0 5
154 832 544 976 544 0 2 0 5
w 688 432 832 432 0
w 688 432 688 528 0
w 688 528 832 528 0
w 688 464 688 560 0
w 688 464 832 464 0
w 688 560 832 560 0
207 688 432 576 432 4 A
207 688 560 576 560 4 B
207 976 448 1040 448 4 CO
207 976 544 1040 544 4 S
b 528 368 1128 620 0
. HA 0 2 2 4 A 2 0 2 B 1 1 2 CO 3 0 3 S 4 1 3 AndGateElm\s1\s2\s3\rXorGateElm\s1\s2\s4 0\\s2\\s0\\s5\s0\\s2\\s0\\s5
410 768 176 928 256 1 HA 0\s2\s0\s5 0\s2\s0\s5
x 744 135 913 138 4 24 HA\s(Half\sAdder)
