$ 1 0.000005 10.20027730826997 50 5 50 5e-11
. SW2 0 3 4 6 00 7 3 3 01 8 2 3 10 5 1 3 11 3 0 3 A 2 1 2 B 1 2 2 AndGateElm\s1\s2\s3\rAndGateElm\s4\s2\s5\rAndGateElm\s4\s6\s7\rAndGateElm\s1\s6\s8\rInverterElm\s2\s6\rInverterElm\s1\s4 0\\s2\\s0\\s5\s0\\s2\\s0\\s5\s0\\s2\\s5\\s5\s0\\s2\\s0\\s5\s0\\s0.5\\s5\s0\\s0.5\\s5
410 336 272 368 336 1 SW2 0\s2\s0\s5 0\s2\s0\s5 0\s2\s0\s5 0\s2\s0\s5 0\s0.5\s5 0\s0.5\s5
207 336 304 272 304 4 X2
207 336 336 272 336 4 X1
207 464 272 528 272 5 A
207 464 304 528 304 5 B
207 464 336 528 336 5 C
207 464 368 528 368 5 D
150 768 272 880 272 0 2 0 5
150 768 336 880 336 0 2 0 5
152 992 368 1168 368 0 4 0 5
207 768 256 688 256 4 A4
207 768 288 688 288 5 A
207 768 320 688 320 4 B4
207 768 352 688 352 5 B
207 768 480 688 480 4 D
207 768 448 688 448 4 D4
207 768 416 688 416 5 C
207 768 384 688 384 4 C4
150 768 464 880 464 0 2 0 5
150 768 400 880 400 0 2 0 5
w 880 272 992 272 0
w 992 272 992 336 0
w 880 464 992 464 0
w 992 464 992 400 0
w 880 400 880 384 0
w 880 384 992 384 0
w 880 336 880 352 0
w 880 352 992 352 0
w 880 624 992 624 0
w 880 608 880 624 0
w 880 656 992 656 0
w 880 672 880 656 0
w 992 736 992 672 0
w 880 736 992 736 0
w 992 544 992 608 0
w 880 544 992 544 0
150 768 672 880 672 0 2 0 5
150 768 736 880 736 0 2 0 5
207 768 656 688 656 4 C3
207 768 688 688 688 5 C
207 768 720 688 720 4 D3
207 768 752 688 752 4 D
207 768 624 688 624 5 B
207 768 592 688 592 4 B3
207 768 560 688 560 5 A
207 768 528 688 528 4 A3
152 992 640 1168 640 0 4 0 5
150 768 608 880 608 0 2 0 5
150 768 544 880 544 0 2 0 5
w 880 1168 992 1168 0
w 880 1152 880 1168 0
w 880 1200 992 1200 0
w 880 1216 880 1200 0
w 992 1280 992 1216 0
w 880 1280 992 1280 0
w 992 1088 992 1152 0
w 880 1088 992 1088 0
150 768 1216 880 1216 0 2 0 5
150 768 1280 880 1280 0 2 0 5
207 768 1200 688 1200 4 C1
207 768 1232 688 1232 5 C
207 768 1264 688 1264 4 D1
207 768 1296 688 1296 4 D
207 768 1168 688 1168 5 B
207 768 1136 688 1136 4 B1
207 768 1104 688 1104 5 A
207 768 1072 688 1072 4 A1
152 992 1184 1168 1184 0 4 0 5
150 768 1152 880 1152 0 2 0 5
150 768 1088 880 1088 0 2 0 5
w 880 896 992 896 0
w 880 880 880 896 0
w 880 928 992 928 0
w 880 944 880 928 0
w 992 1008 992 944 0
w 880 1008 992 1008 0
w 992 816 992 880 0
w 880 816 992 816 0
150 768 944 880 944 0 2 0 5
150 768 1008 880 1008 0 2 0 5
207 768 928 688 928 4 C2
207 768 960 688 960 5 C
207 768 992 688 992 4 D2
207 768 1024 688 1024 4 D
207 768 896 688 896 5 B
207 768 864 688 864 4 B2
207 768 832 688 832 5 A
207 768 800 688 800 4 A2
152 992 912 1168 912 0 4 0 5
150 768 880 880 880 0 2 0 5
150 768 816 880 816 0 2 0 5
207 1168 368 1248 368 4 Y4
207 1168 640 1248 640 4 Y3
207 1168 912 1248 912 4 Y2
207 1168 1184 1248 1184 4 Y1
b 208 176 1500 1374 0
. MUX 0 2 18 22 A1 63 3 2 A2 80 2 2 A3 46 1 2 A4 16 0 2 B1 60 7 2 B2 77 6 2 B3 43 5 2 B4 19 4 2 C1 54 11 2 C2 71 10 2 C3 37 9 2 C4 30 8 2 D1 56 15 2 D2 73 14 2 D3 39 13 2 D4 27 12 2 X1 6 17 2 X2 5 16 2 Y1 65 3 3 Y2 82 2 3 Y3 48 1 3 Y4 23 0 3 CustomCompositeElm\s1\s2\s3\s4\s5\s6\rAndGateElm\s4\s16\s17\rAndGateElm\s3\s19\s20\rOrGateElm\s21\s22\s20\s17\s23\rAndGateElm\s1\s27\s21\rAndGateElm\s2\s30\s22\rAndGateElm\s2\s37\s33\rAndGateElm\s1\s39\s34\rOrGateElm\s34\s33\s32\s35\s48\rAndGateElm\s3\s43\s32\rAndGateElm\s4\s46\s35\rAndGateElm\s2\s54\s50\rAndGateElm\s1\s56\s51\rOrGateElm\s51\s50\s49\s52\s65\rAndGateElm\s3\s60\s49\rAndGateElm\s4\s63\s52\rAndGateElm\s2\s71\s67\rAndGateElm\s1\s73\s68\rOrGateElm\s68\s67\s66\s69\s82\rAndGateElm\s3\s77\s66\rAndGateElm\s4\s80\s69 1\\sSW2\\s0\\\\s2\\\\s0\\\\s5\\s0\\\\s2\\\\s0\\\\s5\\s0\\\\s2\\\\s0\\\\s5\\s0\\\\s2\\\\s0\\\\s5\\s0\\\\s0.5\\\\s5\\s0\\\\s0.5\\\\s5\s0\\s2\\s0\\s5\s0\\s2\\s0\\s5\s0\\s4\\s0\\s5\s0\\s2\\s0\\s5\s0\\s2\\s0\\s5\s0\\s2\\s0\\s5\s0\\s2\\s0\\s5\s0\\s4\\s0\\s5\s0\\s2\\s0\\s5\s0\\s2\\s0\\s5\s0\\s2\\s0\\s5\s0\\s2\\s0\\s5\s0\\s4\\s0\\s5\s0\\s2\\s0\\s5\s0\\s2\\s0\\s5\s0\\s2\\s0\\s5\s0\\s2\\s0\\s5\s0\\s4\\s0\\s5\s0\\s2\\s0\\s5\s0\\s2\\s0\\s5
410 800 -480 880 -432 1 MUX 1\sSW2\s0\\s2\\s0\\s5\s0\\s2\\s0\\s5\s0\\s2\\s0\\s5\s0\\s2\\s0\\s5\s0\\s0.5\\s5\s0\\s0.5\\s5 0\s2\s0\s5 0\s2\s0\s5 0\s4\s0\s5 0\s2\s0\s5 0\s2\s0\s5 0\s2\s0\s5 0\s2\s0\s5 0\s4\s0\s5 0\s2\s0\s5 0\s2\s0\s5 0\s2\s0\s5 0\s2\s0\s5 0\s4\s0\s5 0\s2\s0\s5 0\s2\s0\s5 0\s2\s0\s5 0\s2\s0\s5 0\s4\s0\s5 0\s2\s0\s5 0\s2\s0\s5
x 789 -551 905 -548 4 24 Multiplexer
