$ 1 0.000005 10.20027730826997 50 5 50 5e-11
w 736 480 768 480 0
w 736 368 736 480 0
w 736 368 768 368 0
w 768 304 768 432 0
w 816 496 896 496 0
w 848 432 768 432 0
w 848 480 848 432 0
w 816 384 816 464 0
w 896 464 816 464 0
f 848 480 896 480 32 1.5 0.02
f 768 480 816 480 32 1.5 0.02
g 816 496 816 544 0 0
w 816 320 816 352 0
R 816 288 816 224 0 0 40 5 0 0 0.5
f 768 368 816 368 33 1.5 0.02
f 768 304 816 304 33 1.5 0.02
207 768 304 656 304 4 A
207 736 368 656 368 4 B
207 816 384 1008 384 4 C
b 608 192 1050 583 0
. NAND 0 2 2 3 A 2 0 2 B 1 1 2 C 4 0 3 MosfetElm\s2\s3\s4\rMosfetElm\s1\s3\s4\rGroundElm\s3\rRailElm\s6\rMosfetElm\s1\s4\s5\rMosfetElm\s2\s5\s6 32\\s1.5\\s0.02\s32\\s1.5\\s0.02\s0\\s0\s0\\s0\\s40\\s5\\s0\\s0\\s0.5\s33\\s1.5\\s0.02\s33\\s1.5\\s0.02
410 784 112 800 112 1 NAND 32\s1.5\s0.02 32\s1.5\s0.02 0\s0 0\s0\s40\s5\s0\s0\s0.5 33\s1.5\s0.02 33\s1.5\s0.02
x 802 72 870 75 4 24 NAND
