$ 1 0.000005 382.76258214399064 50 5 50 5e-11
R 1136 208 1136 128 0 0 40 5 0 0 0.5
g 1136 448 1136 480 0 0
f 1088 224 1136 224 33 1.5 0.02
f 1232 224 1296 224 33 1.5 0.02
w 1136 208 1296 208 0
w 1136 240 1296 240 0
w 1136 240 1136 288 0
w 1136 288 1136 336 0
w 1232 224 1232 256 0
w 1232 256 1088 256 0
w 1088 256 1088 352 0
w 1136 416 1136 368 0
w 1088 432 1072 432 0
w 1072 432 1072 224 0
w 1088 224 1072 224 0
f 1088 352 1136 352 32 1.5 0.02
f 1088 432 1136 432 32 1.5 0.02
207 1072 224 976 224 4 A
207 1088 352 976 352 4 B
207 1136 288 1344 288 4 C
b 944 112 1365 509 0
. NOR 0 2 2 3 A 3 0 2 B 5 1 2 C 4 0 3 RailElm\s1\rGroundElm\s2\rMosfetElm\s3\s4\s1\rMosfetElm\s5\s4\s1\rMosfetElm\s5\s6\s4\rMosfetElm\s3\s2\s6 0\\s0\\s40\\s5\\s0\\s0\\s0.5\s0\\s0\s33\\s1.5\\s0.02\s33\\s1.5\\s0.02\s32\\s1.5\\s0.02\s32\\s1.5\\s0.02
410 1104 32 1120 32 1 NOR 0\s0\s40\s5\s0\s0\s0.5 0\s0 33\s1.5\s0.02 33\s1.5\s0.02 32\s1.5\s0.02 32\s1.5\s0.02
x 1123 -4 1176 -1 4 24 NOR
