$ 1 0.000005 10.20027730826997 50 5 50 5e-11
w 768 272 768 368 0
w 816 320 816 352 0
w 816 288 816 320 0
f 768 368 816 368 32 1.5 0.02
f 768 272 816 272 33 1.5 0.02
R 816 256 816 160 0 0 40 5 0 0 0.5
g 816 384 816 416 0 0
207 768 272 688 272 4 A
207 816 320 928 320 4 A-
. NOT 0 2 1 2 A 1 0 2 A- 2 0 3 MosfetElm\s1\s3\s2\rMosfetElm\s1\s2\s4\rRailElm\s4\rGroundElm\s3 32\\s1.5\\s0.02\s33\\s1.5\\s0.02\s0\\s0\\s40\\s5\\s0\\s0\\s0.5\s0\\s0
410 768 96 784 96 1 NOT 32\s1.5\s0.02 33\s1.5\s0.02 0\s0\s40\s5\s0\s0\s0.5 0\s0
b 640 144 996 449 0
x 789 52 839 55 4 24 NOT
