$ 1 0.000005 10.20027730826997 50 5 50 5e-11
. REG1 0 2 4 5 CLK 4 3 2 CLR- 15 0 2 D 7 2 2 LD- 5 1 2 Q 2 0 3 DFlipFlopElm\s1\s2\s3\s4\rAndGateElm\s5\s2\s9\rAndGateElm\s7\s10\s11\rOrGateElm\s11\s9\s12\rInverterElm\s5\s10\rAndGateElm\s15\s12\s1 0\\s0\s0\\s2\\s0\\s5\s0\\s2\\s0\\s5\s0\\s2\\s0\\s5\s0\\s0.5\\s5\s0\\s2\\s0\\s5
. REG4 0 2 7 11 A 3 2 2 B 12 3 2 C 20 4 2 CLK 1 6 2 CLR- 2 0 2 D 28 5 2 LD- 4 1 2 QA 5 2 3 QB 13 3 3 QC 21 4 3 QD 29 5 3 CustomCompositeElm\s1\s2\s3\s4\s5\rCustomCompositeElm\s1\s2\s12\s4\s13\rCustomCompositeElm\s1\s2\s20\s4\s21\rCustomCompositeElm\s1\s2\s28\s4\s29 1\\sREG1\\s0\\\\s0\\s0\\\\s2\\\\s0\\\\s5\\s0\\\\s2\\\\s0\\\\s5\\s0\\\\s2\\\\s0\\\\s5\\s0\\\\s0.5\\\\s5\\s0\\\\s2\\\\s0\\\\s5\s1\\sREG1\\s0\\\\s0\\s0\\\\s2\\\\s0\\\\s5\\s0\\\\s2\\\\s0\\\\s5\\s0\\\\s2\\\\s0\\\\s5\\s0\\\\s0.5\\\\s5\\s0\\\\s2\\\\s0\\\\s5\s1\\sREG1\\s0\\\\s0\\s0\\\\s2\\\\s0\\\\s5\\s0\\\\s2\\\\s0\\\\s5\\s0\\\\s2\\\\s0\\\\s5\\s0\\\\s0.5\\\\s5\\s0\\\\s2\\\\s0\\\\s5\s1\\sREG1\\s0\\\\s0\\s0\\\\s2\\\\s0\\\\s5\\s0\\\\s2\\\\s0\\\\s5\\s0\\\\s2\\\\s0\\\\s5\\s0\\\\s0.5\\\\s5\\s0\\\\s2\\\\s0\\\\s5
410 528 288 576 368 1 REG4 1\sREG1\s0\\s0\s0\\s2\\s0\\s5\s0\\s2\\s0\\s5\s0\\s2\\s0\\s5\s0\\s0.5\\s5\s0\\s2\\s0\\s5 1\sREG1\s0\\s0\s0\\s2\\s0\\s5\s0\\s2\\s0\\s5\s0\\s2\\s0\\s5\s0\\s0.5\\s5\s0\\s2\\s0\\s5 1\sREG1\s0\\s0\s0\\s2\\s0\\s5\s0\\s2\\s0\\s5\s0\\s2\\s0\\s5\s0\\s0.5\\s5\s0\\s2\\s0\\s5 1\sREG1\s0\\s0\s0\\s2\\s0\\s5\s0\\s2\\s0\\s5\s0\\s2\\s0\\s5\s0\\s0.5\\s5\s0\\s2\\s0\\s5
L 784 480 736 480 0 1 false 5 0
L 784 512 736 512 0 0 false 5 0
L 784 544 736 544 0 0 false 5 0
L 784 576 736 576 0 0 false 5 0
207 528 480 480 480 4 CLK
L 528 320 480 320 0 0 false 5 0
w 464 352 528 352 0
w 464 384 528 384 0
w 464 416 528 416 0
w 464 448 528 448 0
207 400 640 336 640 4 LD-
207 368 352 304 352 4 A
207 368 384 304 384 4 B
207 368 416 304 416 4 C
207 368 448 304 448 4 D
207 368 576 304 576 5 S4
207 368 480 304 480 5 S1
207 368 512 304 512 5 S2
207 368 544 304 544 5 S3
207 528 288 480 288 4 CLR-
w 656 352 688 352 0
w 688 352 720 352 0
w 720 352 752 352 0
w 752 352 784 352 0
w 752 384 784 384 0
w 720 384 752 384 0
w 688 384 720 384 0
w 656 384 688 384 0
w 656 448 688 448 0
w 688 448 720 448 0
w 720 448 752 448 0
w 752 448 784 448 0
w 752 416 784 416 0
w 720 416 752 416 0
w 688 416 720 416 0
w 656 416 688 416 0
w 624 416 656 416 0
w 624 448 656 448 0
w 624 384 656 384 0
w 624 352 656 352 0
207 656 352 656 272 4 QA
207 688 384 688 272 4 QB
207 720 416 720 272 4 QC
207 752 448 752 272 4 QD
x 529 -148 713 -145 4 24 Program\sCounter
. HA 0 2 2 4 A 2 0 2 B 1 1 2 CO 3 0 3 S 4 1 3 AndGateElm\s1\s2\s3\rXorGateElm\s1\s2\s4 0\\s2\\s0\\s5\s0\\s2\\s0\\s5
. FA 0 2 3 5 A 1 0 2 B 2 1 2 C 5 2 2 CO 8 0 3 S 7 1 3 CustomCompositeElm\s1\s2\s3\s4\rCustomCompositeElm\s4\s5\s6\s7\rOrGateElm\s6\s3\s8 1\\sHA\\s0\\\\s2\\\\s0\\\\s5\\s0\\\\s2\\\\s0\\\\s5\s1\\sHA\\s0\\\\s2\\\\s0\\\\s5\\s0\\\\s2\\\\s0\\\\s5\s0\\s2\\s0\\s5
. ALU 0 2 8 13 A1 16 0 2 A2 12 1 2 A3 8 2 2 A4 4 3 2 B1 18 4 2 B2 14 5 2 B3 10 6 2 B4 6 7 2 CO 28 7 3 S1 20 0 3 S2 22 1 3 S3 24 2 3 S4 26 3 3 CustomCompositeElm\s16\s18\s1\s20\rCustomCompositeElm\s4\s6\s3\s28\s26\rCustomCompositeElm\s8\s10\s2\s3\s24\rCustomCompositeElm\s12\s14\s1\s2\s22 1\\sHA\\s0\\\\s2\\\\s0\\\\s5\\s0\\\\s2\\\\s0\\\\s5\s1\\sFA\\s1\\\\sHA\\\\s0\\\\\\\\s2\\\\\\\\s0\\\\\\\\s5\\\\s0\\\\\\\\s2\\\\\\\\s0\\\\\\\\s5\\s1\\\\sHA\\\\s0\\\\\\\\s2\\\\\\\\s0\\\\\\\\s5\\\\s0\\\\\\\\s2\\\\\\\\s0\\\\\\\\s5\\s0\\\\s2\\\\s0\\\\s5\s1\\sFA\\s1\\\\sHA\\\\s0\\\\\\\\s2\\\\\\\\s0\\\\\\\\s5\\\\s0\\\\\\\\s2\\\\\\\\s0\\\\\\\\s5\\s1\\\\sHA\\\\s0\\\\\\\\s2\\\\\\\\s0\\\\\\\\s5\\\\s0\\\\\\\\s2\\\\\\\\s0\\\\\\\\s5\\s0\\\\s2\\\\s0\\\\s5\s1\\sFA\\s1\\\\sHA\\\\s0\\\\\\\\s2\\\\\\\\s0\\\\\\\\s5\\\\s0\\\\\\\\s2\\\\\\\\s0\\\\\\\\s5\\s1\\\\sHA\\\\s0\\\\\\\\s2\\\\\\\\s0\\\\\\\\s5\\\\s0\\\\\\\\s2\\\\\\\\s0\\\\\\\\s5\\s0\\\\s2\\\\s0\\\\s5
410 784 352 816 432 1 ALU 1\sHA\s0\\s2\\s0\\s5\s0\\s2\\s5\\s5 1\sFA\s1\\sHA\\s0\\\\s2\\\\s0\\\\s5\\s0\\\\s2\\\\s0\\\\s5\s1\\sHA\\s0\\\\s2\\\\s0\\\\s5\\s0\\\\s2\\\\s0\\\\s5\s0\\s2\\s0\\s5 1\sFA\s1\\sHA\\s0\\\\s2\\\\s0\\\\s5\\s0\\\\s2\\\\s0\\\\s5\s1\\sHA\\s0\\\\s2\\\\s0\\\\s5\\s0\\\\s2\\\\s0\\\\s5\s0\\s2\\s0\\s5 1\sFA\s1\\sHA\\s0\\\\s2\\\\s0\\\\s5\\s0\\\\s2\\\\s0\\\\s5\s1\\sHA\\s0\\\\s2\\\\s0\\\\s5\\s0\\\\s2\\\\s0\\\\s5\s0\\s2\\s0\\s5
207 880 352 944 352 5 S1
207 880 384 944 384 5 S2
207 880 448 944 448 5 S4
207 880 416 944 416 5 S3
. SUBMUX 0 2 9 13 A1 32 0 2 A2 22 1 2 A3 12 2 2 A4 5 3 2 B1 35 4 2 B2 25 5 2 B3 15 6 2 B4 7 7 2 C 6 0 1 Y1 41 0 3 Y2 31 1 3 Y3 21 2 3 Y4 3 3 3 OrGateElm\s1\s2\s3\rAndGateElm\s4\s5\s2\rAndGateElm\s6\s7\s1\rInverterElm\s6\s4\rAndGateElm\s6\s15\s18\rAndGateElm\s20\s12\s19\rOrGateElm\s18\s19\s21\rAndGateElm\s6\s25\s28\rAndGateElm\s30\s22\s29\rOrGateElm\s28\s29\s31\rAndGateElm\s6\s35\s38\rAndGateElm\s40\s32\s39\rOrGateElm\s38\s39\s41\rInverterElm\s6\s20\rInverterElm\s6\s30\rInverterElm\s6\s40 0\\s2\\s0\\s5\s0\\s2\\s0\\s5\s0\\s2\\s0\\s5\s0\\s0.5\\s5\s0\\s2\\s0\\s5\s0\\s2\\s0\\s5\s0\\s2\\s0\\s5\s0\\s2\\s0\\s5\s0\\s2\\s0\\s5\s0\\s2\\s0\\s5\s0\\s2\\s0\\s5\s0\\s2\\s0\\s5\s0\\s2\\s0\\s5\s0\\s0.5\\s5\s0\\s0.5\\s5\s0\\s0.5\\s5
410 368 352 400 368 1 SUBMUX 0\s2\s0\s5 0\s2\s0\s5 0\s2\s0\s5 0\s0.5\s5 0\s2\s0\s5 0\s2\s0\s5 0\s2\s0\s5 0\s2\s0\s5 0\s2\s0\s5 0\s2\s0\s5 0\s2\s0\s5 0\s2\s0\s5 0\s2\s0\s5 0\s0.5\s5 0\s0.5\s5 0\s0.5\s5
. PC 0 2 7 11 A 43 2 2 B 45 3 2 C 47 4 2 CLK 4 6 2 CLR- 5 0 2 D 49 5 2 LD- 41 1 2 QA 8 2 3 QB 9 3 3 QC 10 4 3 QD 11 5 3 CustomCompositeElm\s1\s2\s3\s4\s5\s6\s7\s8\s9\s10\s11\rLogicInputElm\s36\rLogicInputElm\s37\rLogicInputElm\s38\rLogicInputElm\s39\rLogicInputElm\s7\rCustomCompositeElm\s8\s9\s10\s11\s36\s37\s38\s39\s64\s53\s55\s57\s51\rCustomCompositeElm\s43\s45\s47\s49\s53\s55\s57\s51\s41\s1\s2\s3\s6 1\\sREG4\\s1\\\\sREG1\\\\s0\\\\\\\\s0\\\\s0\\\\\\\\s2\\\\\\\\s0\\\\\\\\s5\\\\s0\\\\\\\\s2\\\\\\\\s0\\\\\\\\s5\\\\s0\\\\\\\\s2\\\\\\\\s0\\\\\\\\s5\\\\s0\\\\\\\\s0.5\\\\\\\\s5\\\\s0\\\\\\\\s2\\\\\\\\s0\\\\\\\\s5\\s1\\\\sREG1\\\\s0\\\\\\\\s0\\\\s0\\\\\\\\s2\\\\\\\\s0\\\\\\\\s5\\\\s0\\\\\\\\s2\\\\\\\\s0\\\\\\\\s5\\\\s0\\\\\\\\s2\\\\\\\\s0\\\\\\\\s5\\\\s0\\\\\\\\s0.5\\\\\\\\s5\\\\s0\\\\\\\\s2\\\\\\\\s0\\\\\\\\s5\\s1\\\\sREG1\\\\s0\\\\\\\\s0\\\\s0\\\\\\\\s2\\\\\\\\s0\\\\\\\\s5\\\\s0\\\\\\\\s2\\\\\\\\s0\\\\\\\\s5\\\\s0\\\\\\\\s2\\\\\\\\s0\\\\\\\\s5\\\\s0\\\\\\\\s0.5\\\\\\\\s5\\\\s0\\\\\\\\s2\\\\\\\\s0\\\\\\\\s5\\s1\\\\sREG1\\\\s0\\\\\\\\s0\\\\s0\\\\\\\\s2\\\\\\\\s0\\\\\\\\s5\\\\s0\\\\\\\\s2\\\\\\\\s0\\\\\\\\s5\\\\s0\\\\\\\\s2\\\\\\\\s0\\\\\\\\s5\\\\s0\\\\\\\\s0.5\\\\\\\\s5\\\\s0\\\\\\\\s2\\\\\\\\s0\\\\\\\\s5\s0\\s1\\sfalse\\s5\\s0\s0\\s0\\sfalse\\s5\\s0\s0\\s0\\sfalse\\s5\\s0\s0\\s0\\sfalse\\s5\\s0\s0\\s0\\sfalse\\s5\\s0\s1\\sALU\\s1\\\\sHA\\\\s0\\\\\\\\s2\\\\\\\\s0\\\\\\\\s5\\\\s0\\\\\\\\s2\\\\\\\\s5\\\\\\\\s5\\s1\\\\sFA\\\\s1\\\\\\\\sHA\\\\\\\\s0\\\\\\\\\\\\\\\\s2\\\\\\\\\\\\\\\\s0\\\\\\\\\\\\\\\\s5\\\\\\\\s0\\\\\\\\\\\\\\\\s2\\\\\\\\\\\\\\\\s0\\\\\\\\\\\\\\\\s5\\\\s1\\\\\\\\sHA\\\\\\\\s0\\\\\\\\\\\\\\\\s2\\\\\\\\\\\\\\\\s0\\\\\\\\\\\\\\\\s5\\\\\\\\s0\\\\\\\\\\\\\\\\s2\\\\\\\\\\\\\\\\s0\\\\\\\\\\\\\\\\s5\\\\s0\\\\\\\\s2\\\\\\\\s0\\\\\\\\s5\\s1\\\\sFA\\\\s1\\\\\\\\sHA\\\\\\\\s0\\\\\\\\\\\\\\\\s2\\\\\\\\\\\\\\\\s0\\\\\\\\\\\\\\\\s5\\\\\\\\s0\\\\\\\\\\\\\\\\s2\\\\\\\\\\\\\\\\s0\\\\\\\\\\\\\\\\s5\\\\s1\\\\\\\\sHA\\\\\\\\s0\\\\\\\\\\\\\\\\s2\\\\\\\\\\\\\\\\s0\\\\\\\\\\\\\\\\s5\\\\\\\\s0\\\\\\\\\\\\\\\\s2\\\\\\\\\\\\\\\\s0\\\\\\\\\\\\\\\\s5\\\\s0\\\\\\\\s2\\\\\\\\s0\\\\\\\\s5\\s1\\\\sFA\\\\s1\\\\\\\\sHA\\\\\\\\s0\\\\\\\\\\\\\\\\s2\\\\\\\\\\\\\\\\s0\\\\\\\\\\\\\\\\s5\\\\\\\\s0\\\\\\\\\\\\\\\\s2\\\\\\\\\\\\\\\\s0\\\\\\\\\\\\\\\\s5\\\\s1\\\\\\\\sHA\\\\\\\\s0\\\\\\\\\\\\\\\\s2\\\\\\\\\\\\\\\\s0\\\\\\\\\\\\\\\\s5\\\\\\\\s0\\\\\\\\\\\\\\\\s2\\\\\\\\\\\\\\\\s0\\\\\\\\\\\\\\\\s5\\\\s0\\\\\\\\s2\\\\\\\\s0\\\\\\\\s5\s1\\sSUBMUX\\s0\\\\s2\\\\s0\\\\s5\\s0\\\\s2\\\\s0\\\\s5\\s0\\\\s2\\\\s0\\\\s5\\s0\\\\s0.5\\\\s5\\s0\\\\s2\\\\s0\\\\s5\\s0\\\\s2\\\\s0\\\\s5\\s0\\\\s2\\\\s0\\\\s5\\s0\\\\s2\\\\s0\\\\s5\\s0\\\\s2\\\\s0\\\\s5\\s0\\\\s2\\\\s0\\\\s5\\s0\\\\s2\\\\s0\\\\s5\\s0\\\\s2\\\\s0\\\\s5\\s0\\\\s2\\\\s0\\\\s5\\s0\\\\s0.5\\\\s5\\s0\\\\s0.5\\\\s5\\s0\\\\s0.5\\\\s5
410 576 -96 608 -48 1 PC 1\sREG4\s1\\sREG1\\s0\\\\s0\\s0\\\\s2\\\\s0\\\\s5\\s0\\\\s2\\\\s0\\\\s5\\s0\\\\s2\\\\s0\\\\s5\\s0\\\\s0.5\\\\s5\\s0\\\\s2\\\\s0\\\\s5\s1\\sREG1\\s0\\\\s0\\s0\\\\s2\\\\s0\\\\s5\\s0\\\\s2\\\\s0\\\\s5\\s0\\\\s2\\\\s0\\\\s5\\s0\\\\s0.5\\\\s5\\s0\\\\s2\\\\s0\\\\s5\s1\\sREG1\\s0\\\\s0\\s0\\\\s2\\\\s0\\\\s5\\s0\\\\s2\\\\s0\\\\s5\\s0\\\\s2\\\\s0\\\\s5\\s0\\\\s0.5\\\\s5\\s0\\\\s2\\\\s0\\\\s5\s1\\sREG1\\s0\\\\s0\\s0\\\\s2\\\\s0\\\\s5\\s0\\\\s2\\\\s0\\\\s5\\s0\\\\s2\\\\s0\\\\s5\\s0\\\\s0.5\\\\s5\\s0\\\\s2\\\\s0\\\\s5 0\s1\sfalse\s5\s0 0\s0\sfalse\s5\s0 0\s0\sfalse\s5\s0 0\s0\sfalse\s5\s0 0\s0\sfalse\s5\s0 1\sALU\s1\\sHA\\s0\\\\s2\\\\s0\\\\s5\\s0\\\\s2\\\\s5\\\\s5\s1\\sFA\\s1\\\\sHA\\\\s0\\\\\\\\s2\\\\\\\\s0\\\\\\\\s5\\\\s0\\\\\\\\s2\\\\\\\\s0\\\\\\\\s5\\s1\\\\sHA\\\\s0\\\\\\\\s2\\\\\\\\s0\\\\\\\\s5\\\\s0\\\\\\\\s2\\\\\\\\s0\\\\\\\\s5\\s0\\\\s2\\\\s0\\\\s5\s1\\sFA\\s1\\\\sHA\\\\s0\\\\\\\\s2\\\\\\\\s0\\\\\\\\s5\\\\s0\\\\\\\\s2\\\\\\\\s0\\\\\\\\s5\\s1\\\\sHA\\\\s0\\\\\\\\s2\\\\\\\\s0\\\\\\\\s5\\\\s0\\\\\\\\s2\\\\\\\\s0\\\\\\\\s5\\s0\\\\s2\\\\s0\\\\s5\s1\\sFA\\s1\\\\sHA\\\\s0\\\\\\\\s2\\\\\\\\s0\\\\\\\\s5\\\\s0\\\\\\\\s2\\\\\\\\s0\\\\\\\\s5\\s1\\\\sHA\\\\s0\\\\\\\\s2\\\\\\\\s0\\\\\\\\s5\\\\s0\\\\\\\\s2\\\\\\\\s0\\\\\\\\s5\\s0\\\\s2\\\\s0\\\\s5 1\sSUBMUX\s0\\s2\\s0\\s5\s0\\s2\\s0\\s5\s0\\s2\\s0\\s5\s0\\s0.5\\s5\s0\\s2\\s0\\s5\s0\\s2\\s0\\s5\s0\\s2\\s0\\s5\s0\\s2\\s0\\s5\s0\\s2\\s0\\s5\s0\\s2\\s0\\s5\s0\\s2\\s0\\s5\s0\\s2\\s0\\s5\s0\\s2\\s0\\s5\s0\\s0.5\\s5\s0\\s0.5\\s5\s0\\s0.5\\s5
b 240 192 1037 718 0
