$ 1 0.000005 10.20027730826997 50 5 50 5e-11
. REG1 0 2 4 5 CLK 4 3 2 CLR- 15 0 2 D 7 2 2 LD- 5 1 2 Q 2 0 3 DFlipFlopElm\s1\s2\s3\s4\rAndGateElm\s5\s2\s9\rAndGateElm\s7\s10\s11\rOrGateElm\s11\s9\s12\rInverterElm\s5\s10\rAndGateElm\s15\s12\s1 0\\s0\s0\\s2\\s0\\s5\s0\\s2\\s0\\s5\s0\\s2\\s0\\s5\s0\\s0.5\\s5\s0\\s2\\s0\\s5
410 800 336 832 400 1 REG1 0\s0 0\s2\s0\s5 0\s2\s0\s5 0\s2\s0\s5 0\s0.5\s5 0\s2\s0\s5
410 800 480 832 544 1 REG1 0\s0 0\s2\s0\s5 0\s2\s0\s5 0\s2\s0\s5 0\s0.5\s5 0\s2\s0\s5
410 800 624 832 688 1 REG1 0\s0 0\s2\s0\s5 0\s2\s0\s5 0\s2\s0\s5 0\s0.5\s5 0\s2\s0\s5
410 800 768 832 832 1 REG1 0\s0 0\s2\s0\s5 0\s2\s0\s5 0\s2\s0\s5 0\s0.5\s5 0\s2\s0\s5
207 800 400 432 400 4 A
207 800 544 432 544 4 B
207 800 688 432 688 4 C
207 800 832 432 832 4 D
207 896 336 1024 336 4 QA
207 896 480 1024 480 4 QB
207 896 624 1024 624 4 QC
207 896 768 1024 768 4 QD
w 800 336 752 336 0
w 800 480 752 480 0
w 752 336 752 480 0
w 752 480 752 624 0
w 752 624 752 768 0
w 752 768 800 768 0
w 800 368 704 368 0
w 704 368 704 512 0
w 704 512 704 656 0
w 704 656 704 800 0
w 800 800 704 800 0
w 704 512 800 512 0
w 800 432 656 432 0
w 656 432 656 576 0
w 656 576 656 720 0
w 656 720 656 864 0
w 656 864 800 864 0
w 800 720 656 720 0
w 800 576 656 576 0
207 656 720 432 720 4 CLK
207 704 512 432 512 4 LD-
207 752 336 432 336 4 CLR-
w 800 624 752 624 0
w 800 656 704 656 0
. REG4 0 2 7 11 A 3 2 2 B 12 3 2 C 20 4 2 CLK 1 6 2 CLR- 2 0 2 D 28 5 2 LD- 4 1 2 QA 5 2 3 QB 13 3 3 QC 21 4 3 QD 29 5 3 CustomCompositeElm\s1\s2\s3\s4\s5\rCustomCompositeElm\s1\s2\s12\s4\s13\rCustomCompositeElm\s1\s2\s20\s4\s21\rCustomCompositeElm\s1\s2\s28\s4\s29 1\\sREG1\\s0\\\\s0\\s0\\\\s2\\\\s0\\\\s5\\s0\\\\s2\\\\s0\\\\s5\\s0\\\\s2\\\\s0\\\\s5\\s0\\\\s0.5\\\\s5\\s0\\\\s2\\\\s0\\\\s5\s1\\sREG1\\s0\\\\s0\\s0\\\\s2\\\\s0\\\\s5\\s0\\\\s2\\\\s0\\\\s5\\s0\\\\s2\\\\s0\\\\s5\\s0\\\\s0.5\\\\s5\\s0\\\\s2\\\\s0\\\\s5\s1\\sREG1\\s0\\\\s0\\s0\\\\s2\\\\s0\\\\s5\\s0\\\\s2\\\\s0\\\\s5\\s0\\\\s2\\\\s0\\\\s5\\s0\\\\s0.5\\\\s5\\s0\\\\s2\\\\s0\\\\s5\s1\\sREG1\\s0\\\\s0\\s0\\\\s2\\\\s0\\\\s5\\s0\\\\s2\\\\s0\\\\s5\\s0\\\\s2\\\\s0\\\\s5\\s0\\\\s0.5\\\\s5\\s0\\\\s2\\\\s0\\\\s5
410 704 -48 752 32 1 REG4 1\sREG1\s0\\s0\s0\\s2\\s0\\s5\s0\\s2\\s0\\s5\s0\\s2\\s0\\s5\s0\\s0.5\\s5\s0\\s2\\s0\\s5 1\sREG1\s0\\s0\s0\\s2\\s0\\s5\s0\\s2\\s0\\s5\s0\\s2\\s0\\s5\s0\\s0.5\\s5\s0\\s2\\s0\\s5 1\sREG1\s0\\s0\s0\\s2\\s0\\s5\s0\\s2\\s0\\s5\s0\\s2\\s0\\s5\s0\\s0.5\\s5\s0\\s2\\s0\\s5 1\sREG1\s0\\s0\s0\\s2\\s0\\s5\s0\\s2\\s0\\s5\s0\\s2\\s0\\s5\s0\\s0.5\\s5\s0\\s2\\s0\\s5
b 304 256 1190 949 0
x 681 -130 815 -127 4 24 Register\s4bit
