$ 1 0.000005 10.20027730826997 50 5 50 5e-11
155 816 688 896 688 0 0
207 368 624 272 624 4 LD-
207 480 736 272 736 4 D
150 480 608 576 608 0 2 0 5
150 480 720 576 720 0 2 0 5
152 576 672 688 672 0 2 0 5
w 576 608 576 656 0
w 576 688 576 720 0
w 368 624 368 704 0
w 368 624 480 624 0
I 368 704 480 704 0 0.5 5
w 912 688 912 544 0
w 912 544 480 544 0
w 480 544 480 592 0
w 816 720 816 864 0
207 816 864 272 864 4 CLK
207 912 688 1008 688 4 Q
150 688 688 816 688 0 2 0 5
w 688 704 688 800 0
207 688 800 272 800 4 CLR-
b 176 464 1097 944 0
. REG1 0 2 4 5 CLK 4 3 2 CLR- 15 0 2 D 7 2 2 LD- 5 1 2 Q 2 0 3 DFlipFlopElm\s1\s2\s3\s4\rAndGateElm\s5\s2\s9\rAndGateElm\s7\s10\s11\rOrGateElm\s11\s9\s12\rInverterElm\s5\s10\rAndGateElm\s15\s12\s1 0\\s0\s0\\s2\\s0\\s5\s0\\s2\\s0\\s5\s0\\s2\\s0\\s5\s0\\s0.5\\s5\s0\\s2\\s0\\s5
410 592 272 672 464 1 REG1 0\s0 0\s2\s0\s5 0\s2\s0\s5 0\s2\s0\s5 0\s0.5\s5 0\s2\s0\s5
x 570 192 704 195 4 24 Register\s1bit
