$ 1 0.000005 10.20027730826997 50 5 50 5e-11
x 551 108 857 111 4 24 Static\sRAM\swith\sMy\sProgram
413 640 576 640 384 0 4 8 0 144 16 1 112 84 228 64 12 224 191 250 -1 -2
207 640 736 560 736 4 D
207 640 768 560 768 4 C
207 640 800 560 800 4 B
207 640 832 560 832 4 A
207 736 608 816 608 4 OP4
207 736 640 816 640 4 OP3
207 736 672 816 672 4 OP2
207 736 704 816 704 4 OP1
207 736 736 816 736 4 IM4
207 736 768 816 768 4 IM3
207 736 800 816 800 4 IM2
207 736 832 816 832 4 IM1
b 464 480 936 915 0
R 640 576 560 576 0 0 40 5 0 0 0.5
g 736 576 800 576 0 0
. ROM-MYPRO 0 2 8 12 A 6 4 2 B 5 5 2 C 4 6 2 D 3 7 2 IM1 14 0 3 IM2 13 1 3 IM3 12 2 3 IM4 11 3 3 OP1 10 4 3 OP2 9 5 3 OP3 8 6 3 OP4 7 7 3 SRAMElm\s1\s2\s3\s4\s5\s6\s7\s8\s9\s10\s11\s12\s13\s14\rRailElm\s1\rGroundElm\s2 0\\s4\\s8\\s0\\s144\\s16\\s1\\s112\\s84\\s228\\s64\\s12\\s224\\s191\\s250\\s-1\\s-2\s0\\s0\\s40\\s5\\s0\\s0\\s0.5\s0\\s0
410 640 176 640 192 1 ROM-MYPRO 0\s4\s8\s0\s144\s16\s1\s112\s84\s228\s64\s12\s224\s191\s250\s-1\s-2 0\s0\s40\s5\s0\s0\s0.5 0\s0
