$ 1 0.000005 10.20027730826997 50 5 50 5e-11
152 992 1136 1120 1136 0 2 0 5
150 880 1072 992 1072 0 2 0 5
150 880 1200 992 1200 0 2 0 5
w 992 1072 992 1120 0
w 992 1152 992 1200 0
I 800 1088 880 1088 0 0.5 5
w 880 1184 800 1184 0
w 880 1216 800 1216 0
w 880 1056 800 1056 0
207 800 1216 704 1216 4 C
207 800 1184 704 1184 4 B4
207 800 1088 704 1088 4 C
207 800 1056 704 1056 4 A4
207 800 832 704 832 4 A3
207 800 864 704 864 4 C
207 800 960 704 960 4 B3
207 800 992 704 992 4 C
w 992 928 992 976 0
w 992 848 992 896 0
150 880 976 992 976 0 2 0 5
150 880 848 992 848 0 2 0 5
152 992 912 1120 912 0 2 0 5
207 800 608 704 608 4 A2
207 800 640 704 640 4 C
207 800 736 704 736 4 B2
207 800 768 704 768 4 C
w 992 704 992 752 0
w 992 624 992 672 0
150 880 752 992 752 0 2 0 5
150 880 624 992 624 0 2 0 5
152 992 688 1120 688 0 2 0 5
207 800 384 704 384 4 A1
207 800 416 704 416 4 C
207 800 512 704 512 4 B1
207 800 544 704 544 4 C
w 992 480 992 528 0
w 992 400 992 448 0
150 880 528 992 528 0 2 0 5
150 880 400 992 400 0 2 0 5
152 992 464 1120 464 0 2 0 5
207 1120 1136 1200 1136 4 Y4
207 1120 912 1200 912 4 Y3
207 1120 688 1200 688 4 Y2
207 1120 464 1200 464 4 Y1
x 870 -118 1035 -115 4 24 Sub\sMultiplexer
w 880 832 800 832 0
w 880 992 800 992 0
w 880 960 800 960 0
I 800 864 880 864 0 0.5 5
w 880 608 800 608 0
w 880 768 800 768 0
w 880 736 800 736 0
I 800 640 880 640 0 0.5 5
w 880 384 800 384 0
w 880 544 800 544 0
w 880 512 800 512 0
I 800 416 880 416 0 0.5 5
b 496 304 1477 1329 0
. SUBMUX 0 2 9 13 A1 32 0 2 A2 22 1 2 A3 12 2 2 A4 5 3 2 B1 35 4 2 B2 25 5 2 B3 15 6 2 B4 7 7 2 C 6 0 1 Y1 41 0 3 Y2 31 1 3 Y3 21 2 3 Y4 3 3 3 OrGateElm\s1\s2\s3\rAndGateElm\s4\s5\s2\rAndGateElm\s6\s7\s1\rInverterElm\s6\s4\rAndGateElm\s6\s15\s18\rAndGateElm\s20\s12\s19\rOrGateElm\s18\s19\s21\rAndGateElm\s6\s25\s28\rAndGateElm\s30\s22\s29\rOrGateElm\s28\s29\s31\rAndGateElm\s6\s35\s38\rAndGateElm\s40\s32\s39\rOrGateElm\s38\s39\s41\rInverterElm\s6\s20\rInverterElm\s6\s30\rInverterElm\s6\s40 0\\s2\\s0\\s5\s0\\s2\\s0\\s5\s0\\s2\\s0\\s5\s0\\s0.5\\s5\s0\\s2\\s0\\s5\s0\\s2\\s0\\s5\s0\\s2\\s0\\s5\s0\\s2\\s0\\s5\s0\\s2\\s0\\s5\s0\\s2\\s0\\s5\s0\\s2\\s0\\s5\s0\\s2\\s0\\s5\s0\\s2\\s0\\s5\s0\\s0.5\\s5\s0\\s0.5\\s5\s0\\s0.5\\s5
410 912 -64 944 -16 1 SUBMUX 0\s2\s0\s5 0\s2\s0\s5 0\s2\s0\s5 0\s0.5\s5 0\s2\s0\s5 0\s2\s0\s5 0\s2\s0\s5 0\s2\s0\s5 0\s2\s0\s5 0\s2\s0\s5 0\s2\s0\s5 0\s2\s0\s5 0\s2\s0\s5 0\s0.5\s5 0\s0.5\s5 0\s0.5\s5
