$ 1 0.000005 10.20027730826997 50 5 50 5e-11
150 720 416 864 416 0 2 0 5
150 720 512 864 512 0 2 0 5
150 720 720 864 720 0 2 5 5
150 720 608 864 608 0 2 0 5
w 304 448 544 448 0
w 544 400 544 448 0
w 544 400 720 400 0
w 544 448 544 496 0
w 544 496 720 496 0
w 304 448 304 528 0
w 304 528 368 528 0
I 368 528 448 528 0 0.5 5
w 448 528 544 528 0
w 544 528 544 592 0
w 544 592 720 592 0
w 544 592 544 704 0
w 544 704 720 704 0
w 304 656 480 656 0
w 480 656 640 656 0
w 640 432 720 432 0
w 640 656 640 624 0
w 640 624 720 624 0
w 640 624 640 432 0
w 304 656 304 736 0
w 304 736 368 736 0
I 368 736 448 736 0 0.5 5
w 448 736 720 736 0
w 448 736 448 560 0
w 448 560 720 560 0
w 720 560 720 528 0
207 864 416 960 416 4 11
207 864 512 960 512 4 10
207 864 608 960 608 4 01
207 864 720 960 720 4 00
207 304 448 224 448 4 A
207 304 656 224 656 4 B
b 112 304 1183 847 0
. SW2 0 3 4 6 00 7 3 3 01 8 2 3 10 5 1 3 11 3 0 3 A 2 1 2 B 1 2 2 AndGateElm\s1\s2\s3\rAndGateElm\s4\s2\s5\rAndGateElm\s4\s6\s7\rAndGateElm\s1\s6\s8\rInverterElm\s2\s6\rInverterElm\s1\s4 0\\s2\\s0\\s5\s0\\s2\\s0\\s5\s0\\s2\\s5\\s5\s0\\s2\\s0\\s5\s0\\s0.5\\s5\s0\\s0.5\\s5
410 576 64 736 112 1 SW2 0\s2\s0\s5 0\s2\s0\s5 0\s2\s0\s5 0\s2\s0\s5 0\s0.5\s5 0\s0.5\s5
x 582 -12 698 -9 4 24 Switch\s2bit
