$ 1 0.000005 10.20027730826997 50 5 50 5e-11
207 1888 -48 1968 -48 4 1
207 528 352 432 352 4 A
207 528 384 432 384 4 B
207 544 1024 448 1024 4 C
207 544 1056 448 1056 4 D
207 1888 176 1968 176 4 3
207 1888 64 1968 64 4 2
207 1888 -160 1968 -160 4 0
207 1888 288 1968 288 4 4
207 1888 1520 1968 1520 4 15
207 1888 400 1968 400 4 5
207 1888 512 1968 512 4 6
207 1888 624 1968 624 4 7
207 1888 736 1968 736 4 8
150 1776 -160 1888 -160 0 2 5 5
207 1888 848 1968 848 4 9
207 1888 960 1968 960 4 10
207 1888 1072 1968 1072 4 11
207 1888 1184 1968 1184 4 12
207 1888 1296 1968 1296 4 13
207 1888 1408 1968 1408 4 14
x 1301 -991 1417 -988 4 24 Switch\s4bit
. SW2 0 2 4 6 00 3 0 3 01 5 1 3 10 8 2 3 11 7 3 3 A 4 0 2 B 6 1 2 AndGateElm\s1\s2\s3\rAndGateElm\s1\s4\s5\rAndGateElm\s6\s4\s7\rAndGateElm\s6\s2\s8\rInverterElm\s4\s2\rInverterElm\s6\s1 0\\s2\\s5\\s5\s0\\s2\\s0\\s5\s0\\s2\\s0\\s5\s0\\s2\\s0\\s5\s0\\s0.5\\s5\s0\\s0.5\\s5
410 528 352 576 432 1 SW2 0\s2\s5\s5 0\s2\s0\s5 0\s2\s0\s5 0\s2\s0\s5 0\s0.5\s5 0\s0.5\s5
410 544 1024 560 1056 1 SW2 0\s2\s5\s5 0\s2\s0\s5 0\s2\s0\s5 0\s2\s0\s5 0\s0.5\s5 0\s0.5\s5
150 1776 -48 1888 -48 0 2 0 5
150 1776 176 1888 176 0 2 0 5
150 1776 64 1888 64 0 2 0 5
150 1776 512 1888 512 0 2 0 5
150 1776 624 1888 624 0 2 0 5
150 1776 400 1888 400 0 2 0 5
150 1776 288 1888 288 0 2 0 5
150 1776 1184 1888 1184 0 2 0 5
150 1776 1296 1888 1296 0 2 0 5
150 1776 1520 1888 1520 0 2 0 5
150 1776 1408 1888 1408 0 2 0 5
150 1776 960 1888 960 0 2 0 5
150 1776 1072 1888 1072 0 2 0 5
150 1776 848 1888 848 0 2 0 5
150 1776 736 1888 736 0 2 0 5
w 1776 1088 1680 1088 0
w 1776 976 1680 976 0
w 1776 752 1680 752 0
w 1776 864 1680 864 0
w 1680 752 1680 864 0
w 1680 864 1680 976 0
w 1680 976 1680 1088 0
w 1776 640 1680 640 0
w 1776 528 1680 528 0
w 1776 -32 1648 -32 0
w 1776 416 1680 416 0
w 1680 640 1680 528 0
w 1680 528 1680 416 0
w 1680 416 1680 304 0
w 1776 192 1648 192 0
w 1776 80 1648 80 0
w 1776 -144 1648 -144 0
w 1648 -144 1648 -32 0
w 1648 -32 1648 80 0
w 1648 80 1648 192 0
w 1776 304 1680 304 0
w 1776 1200 1680 1200 0
w 1776 1312 1680 1312 0
w 1776 1424 1680 1424 0
w 1776 1536 1680 1536 0
w 1680 1200 1680 1312 0
w 1680 1312 1680 1424 0
w 1680 1424 1680 1536 0
w 1488 608 1776 608 0
w 1488 160 1776 160 0
w 1488 1056 1776 1056 0
w 1488 1504 1776 1504 0
w 1488 608 1488 1056 0
w 1488 1056 1488 1504 0
w 1776 48 1456 48 0
w 1776 496 1456 496 0
w 1776 1392 1456 1392 0
w 1776 944 1456 944 0
w 1456 944 1456 1392 0
w 1456 944 1456 576 0
w 1456 496 1456 576 0
w 1776 -64 1424 -64 0
w 1776 384 1424 384 0
w 1776 1280 1424 1280 0
w 1776 832 1424 832 0
w 1424 384 1424 544 0
w 1424 384 1424 -64 0
w 1424 544 1424 832 0
w 1424 832 1424 1280 0
w 1648 1024 640 1024 0
w 1328 -176 1328 272 0
w 1680 1088 640 1088 0
w 1680 1120 640 1120 0
w 1680 1120 1680 1200 0
w 640 1056 1392 1056 0
w 1392 1056 1392 640 0
w 1392 640 1680 640 0
w 1424 384 624 384 0
w 624 448 1488 448 0
w 1488 448 1488 608 0
w 1488 160 1488 448 0
w 1456 48 1456 416 0
w 624 416 1456 416 0
w 624 352 1328 352 0
w 1776 720 1328 720 0
w 1776 1168 1328 1168 0
w 1776 272 1328 272 0
w 1776 -176 1328 -176 0
w 1328 720 1328 1168 0
w 1328 272 1328 352 0
w 1328 352 1328 720 0
w 1648 192 1648 1024 0
w 1456 416 1456 496 0
. SW4 0 2 16 20 0 15 0 3 1 1 1 3 10 33 10 3 11 35 11 3 12 37 12 3 13 39 13 3 14 41 14 3 15 19 15 3 2 13 2 3 3 11 3 3 4 17 4 3 5 21 5 3 6 23 6 3 7 25 7 3 8 27 8 3 9 31 9 3 A 3 0 2 B 5 1 2 C 7 2 2 D 9 3 2 AndGateElm\s29\s30\s15\rCustomCompositeElm\s30\s43\s44\s45\s3\s5\rCustomCompositeElm\s29\s48\s49\s50\s7\s9\rAndGateElm\s29\s43\s1\rAndGateElm\s29\s45\s11\rAndGateElm\s29\s44\s13\rAndGateElm\s48\s44\s23\rAndGateElm\s48\s45\s25\rAndGateElm\s48\s43\s21\rAndGateElm\s48\s30\s17\rAndGateElm\s50\s30\s37\rAndGateElm\s50\s43\s39\rAndGateElm\s50\s45\s19\rAndGateElm\s50\s44\s41\rAndGateElm\s49\s44\s33\rAndGateElm\s49\s45\s35\rAndGateElm\s49\s43\s31\rAndGateElm\s49\s30\s27 0\\s2\\s5\\s5\s1\\sSW2\\s0\\\\s2\\\\s5\\\\s5\\s0\\\\s2\\\\s0\\\\s5\\s0\\\\s2\\\\s0\\\\s5\\s0\\\\s2\\\\s0\\\\s5\\s0\\\\s0.5\\\\s5\\s0\\\\s0.5\\\\s5\s1\\sSW2\\s0\\\\s2\\\\s5\\\\s5\\s0\\\\s2\\\\s0\\\\s5\\s0\\\\s2\\\\s0\\\\s5\\s0\\\\s2\\\\s0\\\\s5\\s0\\\\s0.5\\\\s5\\s0\\\\s0.5\\\\s5\s0\\s2\\s0\\s5\s0\\s2\\s0\\s5\s0\\s2\\s0\\s5\s0\\s2\\s0\\s5\s0\\s2\\s0\\s5\s0\\s2\\s0\\s5\s0\\s2\\s0\\s5\s0\\s2\\s0\\s5\s0\\s2\\s0\\s5\s0\\s2\\s0\\s5\s0\\s2\\s0\\s5\s0\\s2\\s0\\s5\s0\\s2\\s0\\s5\s0\\s2\\s0\\s5\s0\\s2\\s0\\s5
410 1312 -944 1392 -848 1 SW4 0\s2\s5\s5 1\sSW2\s0\\s2\\s5\\s5\s0\\s2\\s0\\s5\s0\\s2\\s0\\s5\s0\\s2\\s0\\s5\s0\\s0.5\\s5\s0\\s0.5\\s5 1\sSW2\s0\\s2\\s5\\s5\s0\\s2\\s0\\s5\s0\\s2\\s0\\s5\s0\\s2\\s0\\s5\s0\\s0.5\\s5\s0\\s0.5\\s5 0\s2\s0\s5 0\s2\s0\s5 0\s2\s0\s5 0\s2\s0\s5 0\s2\s0\s5 0\s2\s0\s5 0\s2\s0\s5 0\s2\s0\s5 0\s2\s0\s5 0\s2\s0\s5 0\s2\s0\s5 0\s2\s0\s5 0\s2\s0\s5 0\s2\s0\s5 0\s2\s0\s5
b 304 -336 2462 1660 0
x 553 319 605 322 4 24 SW2
x 567 991 619 994 4 24 SW2
